timestamp,coord_x_cm,coord_y_cm,coord_z_cm
1690952412.0,301.8,-644.7,174.4
1690952427.0,302.9,-645.3,175.8
1690952442.0,302.5,-644.6,175.7
1690952457.0,301.1,-644.9,176.7
1690952472.0,299.3,-645.7,176.3
1690952487.0,300.2,-645.4,176.3
1690952502.0,300.8,-644.8,175.6
1690952517.0,301.2,-645.2,176.5
1690952532.0,301.6,-645.6,177.0
1690952547.0,302.4,-645.8,176.6
1690952562.0,301.1,-646.1,175.4
1690952577.0,301.5,-645.5,176.0
1690952592.0,301.5,-645.2,175.9
1690952607.0,301.9,-644.9,177.1
1690952622.0,302.2,-645.1,175.3
1690952637.0,299.2,-645.5,179.5
1690952652.0,300.0,-644.0,175.9
1690952667.0,301.2,-645.0,176.1
1690952682.0,303.2,-645.2,175.2
1690952697.0,300.7,-643.9,175.8
1690952712.0,302.4,-643.1,176.3
1690952727.0,299.5,-644.8,175.9
1690952742.0,300.1,-645.8,175.4
1690952757.0,301.4,-645.5,176.9
1690952772.0,302.2,-643.7,177.2
1690952787.0,300.4,-646.0,175.8
1690952802.0,301.2,-644.9,176.4
1690952817.0,301.7,-642.9,177.7
1690952832.0,303.4,-643.6,176.4
1690952847.0,301.0,-643.8,178.1
1690952862.0,301.7,-644.0,176.4
1690952877.0,303.7,-642.9,175.7
1690952892.0,299.7,-646.1,176.4
1690952907.0,303.0,-644.7,176.3
1690952922.0,301.4,-646.5,175.7
1690952937.0,301.1,-644.9,176.3
1690952952.0,300.4,-645.7,176.0
1690952967.0,301.0,-644.2,176.8
1690952982.0,300.4,-643.9,175.4
1690952997.0,301.2,-644.2,177.0
1690953012.0,302.5,-646.1,176.4
1690953027.0,300.3,-644.3,175.0
1690953042.0,300.2,-643.6,175.7
1690953057.0,300.2,-644.3,175.7
1690953072.0,302.9,-645.7,175.2
1690953087.0,300.3,-644.0,176.4
1690953102.0,301.7,-645.2,178.1
1690953117.0,302.4,-645.7,176.5
1690953132.0,301.2,-644.1,176.5
1690953147.0,301.5,-644.2,175.2
1690953162.0,300.9,-645.0,174.5
1690953177.0,298.0,-643.0,175.2
1690953192.0,299.3,-643.4,176.6
1690953207.0,300.1,-643.7,176.1
1690953222.0,300.0,-645.9,179.1
1690953237.0,300.2,-643.9,176.4
1690953252.0,303.1,-644.2,176.1
1690953267.0,300.2,-644.8,177.6
1690953282.0,304.1,-645.4,174.5
1690953297.0,301.2,-645.3,176.1
1690953312.0,300.0,-645.0,175.6
1690953327.0,300.4,-644.1,174.6
1690953342.0,302.2,-644.5,175.6
1690953357.0,301.9,-645.4,175.6
1690953372.0,302.0,-645.4,176.4
1690953387.0,301.0,-644.6,176.0
1690953402.0,301.6,-646.1,176.5
1690953417.0,301.7,-645.8,176.4
1690953432.0,300.9,-644.5,175.9
1690953447.0,301.2,-645.1,176.4
1690953462.0,302.0,-644.5,176.1
1690953477.0,301.7,-644.3,176.0
1690953492.0,301.9,-644.8,175.9
1690953507.0,301.7,-645.2,175.2
1690953522.0,301.3,-644.7,174.5
1690953537.0,298.1,-645.0,177.1
1690953552.0,301.0,-646.5,176.4
1690953567.0,300.0,-644.3,176.5
1690953582.0,301.3,-645.2,176.2
1690953597.0,301.7,-645.5,176.1
1690953612.0,300.7,-644.9,175.9
1690953627.0,300.8,-644.7,175.9
1690953642.0,301.5,-643.2,177.3
1690953657.0,301.9,-645.1,176.4
1690953672.0,301.4,-644.8,175.2
1690953687.0,301.6,-644.7,176.0
1690953702.0,302.0,-646.1,177.0
1690953717.0,301.4,-644.8,175.2
1690953732.0,301.8,-645.8,175.8
1690953747.0,302.8,-645.4,175.2
1690953762.0,302.4,-646.4,175.7
1690953777.0,302.1,-645.6,176.9
1690953792.0,302.7,-645.7,176.6
1690953822.0,302.5,-645.3,176.6
1690953837.0,301.7,-645.5,176.4
1690953852.0,302.6,-645.2,178.2
1690953867.0,301.1,-645.7,176.0
1690953882.0,304.0,-645.4,175.8
1690953897.0,302.5,-645.3,175.8
1690953912.0,302.7,-644.7,175.3
1690953927.0,301.4,-644.7,178.0
1690953942.0,300.6,-645.1,176.0
1690953957.0,303.1,-644.8,175.0
1690953972.0,301.2,-643.6,176.5
1690953987.0,301.8,-644.9,175.2
1690954002.0,301.1,-644.4,175.3
1690954017.0,299.8,-643.5,177.7
1690954032.0,301.0,-645.6,176.9
1690954047.0,302.4,-645.1,177.1
1690954062.0,302.2,-645.3,177.1
1690954077.0,302.3,-645.6,177.0
1690954092.0,301.7,-645.4,175.9
1690954107.0,300.5,-645.7,176.4
1690954122.0,300.8,-644.8,176.7
1690954137.0,300.4,-644.9,176.2
1690954152.0,300.2,-645.2,177.1
1690954167.0,301.8,-645.1,176.1
1690954182.0,300.0,-645.2,175.5
1690954197.0,302.1,-645.5,175.6
1690954212.0,302.5,-645.4,176.2
1690954227.0,302.0,-645.4,178.0
1690954242.0,301.8,-645.4,175.9
1690954257.0,301.4,-645.2,175.5
1690954272.0,301.6,-645.4,175.2
1690954287.0,299.9,-644.3,177.6
1690954302.0,301.0,-644.3,177.2
1690954317.0,302.5,-645.3,177.0
1690954332.0,302.3,-644.7,176.9
1690954347.0,300.8,-644.1,176.0
1690954362.0,302.2,-644.9,175.9
1690954377.0,299.4,-645.6,176.8
1690954392.0,300.3,-645.1,177.2
1690954407.0,301.7,-643.6,174.8
1690954422.0,301.9,-644.5,174.5
1690954437.0,301.6,-645.1,176.1
1690954452.0,300.8,-643.5,177.0
1690954467.0,302.7,-645.0,175.1
1690954482.0,301.3,-643.9,178.9
1690954497.0,302.3,-645.5,175.3
1690954512.0,301.7,-645.8,176.6
1690954527.0,298.0,-645.3,180.9
1690954542.0,301.8,-644.4,177.2
1690954557.0,303.4,-645.4,177.1
1690954572.0,301.6,-645.0,175.1
1690954587.0,300.7,-646.2,175.5
1690954602.0,300.5,-646.1,177.2
1690954617.0,301.5,-645.3,175.3
1690954632.0,302.5,-645.6,177.2
1690954647.0,298.3,-646.6,177.6
1690954662.0,299.5,-645.8,177.4
1690954677.0,298.3,-645.9,172.8
1690954692.0,299.7,-643.6,174.0
1690954707.0,299.8,-644.1,171.6
1690954722.0,301.1,-644.5,175.0
1690954737.0,302.0,-644.2,175.7
1690954752.0,301.0,-644.3,176.6
1690954767.0,300.1,-645.0,174.8
1690954782.0,300.0,-645.7,175.0
1690954797.0,301.7,-645.8,175.9
1690954812.0,301.4,-645.9,176.9
1690954827.0,298.1,-645.0,174.6
1690954842.0,297.8,-644.3,173.4
1690954857.0,301.5,-645.3,175.0
1690954872.0,297.9,-645.3,173.3
1690954887.0,301.9,-644.7,175.5
1690954902.0,300.2,-643.6,176.0
1690954917.0,302.6,-644.2,174.7
1690954932.0,300.6,-644.0,176.0
1690954947.0,302.8,-644.2,176.4
1690954962.0,301.0,-644.5,176.0
1690954977.0,300.8,-645.1,177.4
1690954992.0,296.2,-643.6,173.1
1690955007.0,298.3,-643.2,172.3
1690955022.0,301.1,-644.8,175.8
1690955037.0,301.3,-644.5,176.6
1690955052.0,302.7,-644.7,176.3
1690955067.0,300.6,-645.5,174.7
1690955082.0,302.9,-646.1,177.8
1690955097.0,300.4,-645.3,177.8
1690955112.0,299.0,-645.3,174.9
1690955127.0,300.1,-643.3,174.5
1690955142.0,301.4,-644.9,178.5
1690955157.0,299.9,-644.5,175.7
1690955172.0,301.7,-644.7,175.9
1690955187.0,301.4,-644.7,176.6
1690955202.0,300.4,-645.1,174.7
1690955217.0,303.3,-645.5,177.1
1690955232.0,300.0,-644.2,176.6
1690955247.0,298.9,-644.5,175.8
1690955262.0,301.9,-643.2,176.5
1690955277.0,300.7,-643.7,175.6
1690955292.0,300.6,-643.8,174.5
1690955307.0,302.4,-645.0,176.4
1690955322.0,302.2,-645.2,176.0
1690955337.0,301.0,-645.1,174.6
1690955352.0,297.1,-645.0,172.6
1690955367.0,299.9,-644.6,173.7
1690955382.0,298.2,-644.8,174.9
1690955397.0,301.7,-644.8,175.8
1690955412.0,302.1,-644.6,176.5
1690955427.0,302.5,-646.0,176.5
1690955442.0,302.0,-644.8,176.0
1690955457.0,299.2,-644.3,174.7
1690955472.0,301.3,-645.3,175.3
1690955487.0,301.2,-645.0,176.4
1690955502.0,301.2,-644.7,175.3
1690955517.0,302.9,-645.9,177.6
1690955532.0,299.8,-644.8,177.1
1690955547.0,301.3,-645.0,175.1
1690955562.0,301.3,-644.8,175.1
1690955577.0,303.4,-645.1,177.0
1690955592.0,300.2,-644.9,177.6
1690955607.0,301.5,-644.6,176.5
1690955622.0,302.7,-643.8,177.0
1690955637.0,302.6,-645.9,176.5
1690955652.0,295.8,-626.0,178.0
1690955667.0,299.0,-644.6,173.0
1690955682.0,303.1,-645.5,178.6
1690955697.0,300.6,-646.4,177.3
1690955712.0,302.3,-643.3,176.3
1690955727.0,302.9,-643.6,175.5
1690955742.0,304.9,-610.5,176.2
1690955757.0,426.4,-453.2,204.6
1690955772.0,298.7,-646.9,181.0
1690955787.0,297.6,-645.8,179.0
1690955802.0,303.6,-642.2,176.9
1690955817.0,nan,nan,nan
1690955832.0,301.7,-644.3,175.4
1690955847.0,302.2,-646.1,177.5
1690955862.0,302.2,-645.6,175.6
1690955877.0,281.3,-653.1,189.7
1690955892.0,299.2,-647.2,176.0
1690955907.0,301.8,-642.8,174.4
1690955922.0,416.6,-486.4,164.7
1690955937.0,301.0,-641.6,175.1
1690955952.0,294.0,-644.8,185.4
1690955967.0,304.2,-641.6,175.5
1690955982.0,299.5,-646.0,175.8
1690955997.0,366.5,-565.2,192.8
1690956012.0,nan,nan,nan
1690956027.0,303.3,-641.7,174.2
1690956042.0,677.0,-535.7,42.3
1690956057.0,304.9,-645.7,175.8
1690956072.0,463.2,-325.5,112.0
1690956087.0,297.3,-645.2,169.9
1690956102.0,303.2,-643.5,175.0
1690956117.0,-318.0,-343.2,-168.6
1690956132.0,304.3,-627.8,173.7
1690956147.0,303.5,-627.4,172.1
1690956162.0,300.5,-649.3,175.7
1690956177.0,296.4,-647.4,179.8
1690956192.0,300.6,-645.6,178.0
1690956207.0,292.7,-645.0,167.5
1690956222.0,104.4,-418.1,16.9
1690956237.0,305.5,-643.1,175.7
1690956252.0,303.8,-642.4,174.4
1690956267.0,295.0,-641.6,168.1
1690956282.0,301.9,-644.0,178.2
1690956297.0,305.4,-612.2,182.3
1690956312.0,525.6,-462.7,104.0
1690956327.0,450.6,-548.2,177.7
1690956342.0,304.1,-645.0,178.4
1690956357.0,321.6,-477.4,203.6
1690956372.0,303.6,-640.1,175.4
1690956387.0,298.5,-639.1,178.7
1690956402.0,299.2,-645.4,177.0
1690956417.0,303.8,-646.3,176.6
1690956432.0,286.9,-648.6,191.2
1690956447.0,301.5,-644.3,175.6
1690956462.0,295.6,-648.7,181.0
1690956477.0,287.7,-637.1,166.4
1690956492.0,300.7,-640.3,176.5
1690956507.0,303.2,-644.7,174.9
1690956522.0,301.5,-643.7,173.8
1690956537.0,303.2,-646.3,175.0
1690956552.0,nan,nan,nan
1690956567.0,303.5,-644.6,174.6
1690956582.0,282.7,-641.8,192.7
1690956597.0,302.7,-641.0,174.2
1690956612.0,299.9,-646.7,175.8
1690956627.0,302.1,-642.0,175.6
1690956642.0,303.2,-642.3,173.7
1690956657.0,nan,nan,nan
1690956672.0,519.0,-587.2,69.8
1690956687.0,288.7,-643.9,163.7
1690956702.0,302.7,-642.4,177.4
1690956717.0,374.5,-514.2,191.3
1690956732.0,300.3,-642.0,178.5
1690956747.0,297.8,-645.8,175.5
1690956762.0,306.3,-643.5,175.0
1690956777.0,176.4,-598.8,337.3
1690956792.0,219.3,-471.2,197.5
1690956807.0,305.0,-642.0,176.2
1690956822.0,304.9,-647.8,175.1
1690956837.0,306.6,-631.5,175.3
1690956852.0,313.7,-472.6,192.0
1690956867.0,325.4,-611.2,173.7
1690956882.0,319.6,-639.0,144.9
1690956897.0,291.4,-643.8,166.4
1690956912.0,285.7,-632.4,185.2
1690956927.0,297.9,-618.0,177.2
1690956942.0,290.8,-647.4,187.3
1690956957.0,289.6,-648.4,186.8
1690956972.0,436.9,-507.9,15.6
1690956987.0,299.1,-646.0,179.1
1690957002.0,298.7,-647.4,177.7
1690957017.0,297.8,-647.4,179.7
1690957032.0,302.3,-644.0,174.1
1690957047.0,304.0,-641.5,175.7
1690957062.0,809.9,-274.8,293.0
1690957077.0,271.3,-641.2,148.9
1690957092.0,-79.3,-451.9,89.3
1690957107.0,248.3,-669.1,234.7
1690957122.0,302.2,-644.6,176.4
1690957137.0,294.5,-542.5,64.2
1690957152.0,208.5,-613.7,107.1
1690957167.0,286.3,-639.3,163.7
1690957182.0,303.1,-642.8,176.4
1690957197.0,303.3,-651.9,175.3
1690957212.0,293.6,-652.1,204.3
1690957227.0,287.1,-643.1,158.6
1690957242.0,303.3,-644.5,175.3
1690957257.0,763.3,-456.4,99.4
1690957272.0,337.7,-654.7,216.3
1690957287.0,86.2,-650.0,70.9
1690957302.0,302.1,-647.0,176.3
1690957317.0,305.7,-645.8,176.7
1690957332.0,287.5,-649.0,190.3
1690957347.0,-106.0,-654.5,79.8
1690957362.0,286.7,-648.2,188.1
1690957377.0,301.1,-633.3,177.2
1690957392.0,288.1,-644.5,165.6
1690957407.0,305.9,-635.6,174.5
1690957422.0,282.7,-434.6,223.5
1690957437.0,425.2,-609.0,60.2
1690957452.0,505.4,-375.9,168.5
1690957482.0,298.5,-645.9,174.3
1690957497.0,302.9,-643.4,175.6
1690957512.0,302.3,-646.3,174.1
1690957527.0,286.2,-640.2,165.2
1690957542.0,298.3,-644.8,172.7
1690957557.0,299.6,-644.6,174.4
1690957572.0,300.9,-646.5,174.8
1690957587.0,296.1,-644.4,168.3
1690957602.0,300.2,-644.4,178.0
1690957617.0,229.2,-622.3,117.6
1690957632.0,290.7,-643.5,163.3
1690957647.0,303.7,-644.1,176.4
1690957662.0,286.0,-646.0,191.3
1690957677.0,294.8,-644.4,168.6
1690957692.0,292.1,-646.1,174.5
1690957707.0,236.3,-581.0,-29.7
1690957722.0,303.9,-641.2,177.2
1690957737.0,295.5,-644.0,168.7
1690957752.0,300.3,-647.3,174.1
1690957767.0,298.4,-646.1,173.8
1690957782.0,297.2,-644.9,168.5
1690957797.0,291.8,-648.1,187.6
1690957812.0,301.0,-644.2,179.9
1690957827.0,294.4,-648.2,185.7
1690957842.0,303.0,-643.9,173.7
1690957857.0,299.5,-633.0,171.4
1690957872.0,295.1,-647.4,180.9
1690957887.0,nan,nan,nan
1690957902.0,245.0,-589.8,4.3
1690957917.0,233.6,-528.9,196.6
1690957932.0,277.5,-649.4,202.5
1690957947.0,277.8,-418.5,-329.7
1690957962.0,298.9,-644.7,175.7
1690957977.0,289.2,-645.5,161.6
1690957992.0,-516.8,-384.0,465.8
1690958007.0,305.4,-648.3,175.2
1690958022.0,304.1,-647.9,215.2
1690958037.0,303.7,-646.4,175.2
1690958052.0,291.2,-639.8,169.5
1690958067.0,299.3,-651.1,208.6
1690958082.0,302.8,-644.9,175.1
1690958097.0,246.5,-614.1,216.5
1690958112.0,297.8,-646.0,178.1
1690958127.0,205.8,-631.9,106.6
1690958142.0,298.5,-645.0,173.5
1690958157.0,263.6,-633.0,143.0
1690958172.0,301.8,-643.7,174.3
1690958187.0,297.5,-645.5,179.6
1690958202.0,291.8,-648.8,188.5
1690958217.0,287.3,-641.2,166.1
1690958232.0,94.3,-606.2,43.0
1690958247.0,340.1,-617.6,152.9
1690958262.0,62.0,-278.3,-346.2
1690958277.0,286.2,-418.3,-325.4
1690958292.0,281.5,-566.2,-76.6
1690958307.0,306.1,-640.8,173.9
1690958322.0,297.2,-641.4,172.3
1690958337.0,299.4,-644.6,174.9
1690958352.0,298.3,-645.1,176.7
1690958367.0,299.9,-647.2,178.2
1690958382.0,292.5,-645.6,168.4
1690958397.0,303.9,-645.8,178.4
1690958412.0,299.6,-635.7,179.5
1690958427.0,304.9,-642.5,176.3
1690958442.0,298.9,-645.2,178.9
1690958457.0,278.5,-582.1,185.3
1690958472.0,350.6,-569.7,172.9
1690958487.0,294.5,-646.1,176.0
1690958502.0,302.5,-642.7,176.3
1690958517.0,108.0,-492.9,-154.6
1690958532.0,nan,nan,nan
1690958547.0,301.3,-644.0,175.5
1690958562.0,308.5,-640.0,178.4
1690958577.0,291.0,-643.6,167.7
1690958592.0,287.4,-636.1,167.4
1690958607.0,304.4,-642.7,173.9
1690958622.0,495.8,-458.5,171.0
1690958637.0,303.6,-648.5,176.0
1690958652.0,418.1,-693.0,110.7
1690958667.0,416.9,-602.7,72.3
1690958682.0,293.8,-647.4,185.5
1690958697.0,268.5,-648.7,206.2
1690958712.0,295.2,-645.5,175.0
1690958727.0,293.2,-647.3,186.5
1690958742.0,348.6,-629.6,137.8
1690958757.0,289.9,-610.2,164.1
1690958772.0,287.9,-649.7,191.2
1690958787.0,293.2,-634.9,168.8
1690958802.0,298.9,-644.8,171.7
1690958817.0,280.7,-639.5,156.8
1690958832.0,nan,nan,nan
1690958847.0,289.7,-641.9,165.0
1690958862.0,296.9,-644.0,171.8
1690958877.0,167.5,-595.6,90.4
1690958892.0,301.0,-644.8,178.0
1690958907.0,291.8,-647.2,183.9
1690958922.0,287.0,-653.0,192.4
1690958937.0,298.3,-645.0,180.3
1690958952.0,303.3,-636.0,172.1
1690958967.0,152.5,-734.8,346.5
1690958982.0,560.5,-229.0,-2.6
1690958997.0,297.8,-645.8,174.1
1690959012.0,301.6,-640.7,173.3
1690959027.0,302.5,-643.7,173.9
1690959042.0,281.8,-650.0,191.7
1690959057.0,297.0,-646.3,179.6
1690959072.0,291.7,-648.2,184.1
1690959087.0,299.2,-643.9,180.2
1690959102.0,291.4,-647.2,177.9
1690959117.0,301.9,-645.1,174.7
1690959132.0,301.2,-647.8,174.1
1690959147.0,301.4,-643.8,174.7
1690959162.0,285.0,-649.5,192.6
1690959177.0,276.4,-635.1,154.9
1690959192.0,280.2,-649.9,188.8
1690959207.0,297.7,-647.5,178.6
1690959222.0,278.1,-649.3,202.8
1690959237.0,296.0,-646.4,180.5
1690959252.0,793.1,-314.4,334.0
1690959267.0,300.1,-643.4,173.3
1690959282.0,289.8,-645.9,183.9
1690959297.0,286.0,-649.2,189.1
1690959312.0,302.6,-644.9,175.2
1690959327.0,301.4,-643.7,175.9
1690959342.0,301.7,-644.7,175.8
1690959357.0,300.3,-645.9,176.2
1690959372.0,300.9,-644.0,177.9
1690959387.0,301.5,-645.1,176.1
1690959402.0,300.6,-644.8,174.8
1690959417.0,303.2,-645.7,175.8
1690959432.0,300.7,-644.5,177.0
1690959447.0,300.3,-644.4,175.3
1690959462.0,301.5,-646.3,175.8
1690959477.0,300.3,-644.8,174.7
1690959492.0,300.3,-644.7,174.8
1690959507.0,301.7,-644.9,176.0
1690959522.0,301.4,-645.0,176.0
1690959537.0,300.7,-644.7,176.9
1690959552.0,300.8,-645.2,175.6
1690959567.0,302.0,-645.6,175.2
1690959582.0,302.1,-644.4,176.5
1690959597.0,300.7,-646.2,177.1
1690959612.0,302.9,-645.4,176.5
1690959627.0,300.2,-645.8,176.6
1690959642.0,301.5,-644.7,176.1
1690959657.0,299.1,-645.4,174.9
1690959672.0,302.5,-644.7,175.9
1690959687.0,300.7,-646.0,175.9
1690959702.0,300.1,-644.9,176.0
1690959717.0,301.2,-644.1,175.1
1690959732.0,302.7,-645.4,175.7
1690959747.0,301.2,-645.5,176.5
1690959762.0,301.6,-646.4,175.8
1690959777.0,301.9,-645.2,176.1
1690959792.0,301.8,-645.2,177.2
1690959807.0,301.3,-645.1,176.7
1690959822.0,301.5,-645.4,177.2
1690959837.0,301.6,-645.7,176.6
1690959852.0,302.4,-646.0,176.4
1690959867.0,301.1,-644.7,176.9
1690959882.0,302.0,-645.3,177.0
1690959897.0,302.0,-644.6,177.0
1690959912.0,301.1,-644.7,175.6
1690959927.0,302.0,-645.3,175.8
1690959942.0,301.9,-645.6,177.1
1690959957.0,301.0,-644.7,177.6
1690959972.0,300.5,-644.7,175.7
1690959987.0,301.0,-645.6,176.3
1690960002.0,300.6,-644.7,175.9
1690960017.0,300.8,-644.5,175.5
1690960032.0,300.8,-644.9,176.6
1690960047.0,298.8,-646.3,178.8
1690960062.0,302.8,-644.6,176.5
1690960077.0,302.1,-645.8,175.9
1690960092.0,302.2,-645.5,175.9
1690960107.0,301.6,-645.0,176.3
1690960122.0,300.8,-645.8,175.4
1690960137.0,300.1,-644.3,175.0
1690960152.0,300.5,-644.5,176.9
1690960167.0,300.3,-645.8,177.2
1690960182.0,300.6,-645.2,176.0
1690960197.0,302.9,-645.0,176.5
1690960212.0,301.9,-645.3,175.8
1690960227.0,301.4,-644.7,177.4
1690960242.0,301.7,-645.5,176.3
1690960257.0,302.3,-646.0,176.5
1690960272.0,301.9,-644.5,175.8
1690960287.0,300.9,-644.7,176.7
1690960302.0,301.8,-644.9,175.2
1690960317.0,301.7,-645.3,175.1
1690960332.0,301.7,-645.3,175.1
1690960347.0,301.5,-644.9,175.0
1690960362.0,303.0,-644.8,177.2
1690960377.0,302.0,-645.8,176.0
1690960392.0,302.1,-645.3,175.9
1690960407.0,302.3,-645.1,175.7
1690960422.0,302.3,-645.1,175.7
1690960437.0,301.7,-645.2,175.2
1690960452.0,301.7,-645.4,176.2
1690960467.0,301.8,-645.5,175.8
1690960482.0,301.5,-646.2,175.3
1690960497.0,301.3,-644.9,174.2
1690960512.0,300.9,-645.8,177.0
1690960527.0,301.9,-645.1,176.0
1690960542.0,301.2,-645.7,176.9
1690960557.0,301.3,-646.0,176.5
1690960572.0,301.4,-644.9,176.4
1690960587.0,300.9,-645.5,176.8
1690960602.0,302.8,-645.2,175.1
1690960617.0,301.7,-645.4,176.3
1690960632.0,302.6,-645.5,176.5
1690960647.0,301.5,-646.0,175.2
1690960662.0,301.5,-646.0,177.0
1690960677.0,302.6,-645.1,176.7
1690960692.0,301.9,-645.6,176.4
1690960707.0,302.1,-646.0,176.9
1690960722.0,300.5,-645.1,175.2
1690960737.0,301.4,-645.2,175.2
1690960752.0,301.2,-645.3,174.1
1690960767.0,302.1,-646.7,177.3
1690960782.0,300.6,-645.6,175.8
1690960797.0,299.9,-646.0,176.5
1690960812.0,301.9,-645.2,177.0
1690960827.0,303.4,-644.9,175.8
1690960842.0,300.6,-645.3,177.2
1690960857.0,301.7,-644.2,177.3
1690960872.0,300.9,-646.0,175.9
1690960887.0,301.7,-645.1,176.4
1690960902.0,301.4,-645.1,176.5
1690960917.0,302.9,-646.7,175.3
1690960932.0,301.7,-645.8,177.1
1690960947.0,301.4,-645.0,176.6
1690960962.0,300.5,-644.5,175.7
1690960977.0,301.3,-644.6,176.6
1690960992.0,300.8,-645.9,176.6
1690961007.0,301.1,-644.8,176.3
1690961022.0,302.7,-645.4,175.2
1690961037.0,302.1,-645.0,175.8
1690961052.0,301.3,-644.9,176.5
1690961067.0,301.5,-645.2,176.3
1690961082.0,302.1,-644.9,176.8
1690961097.0,301.0,-644.5,177.9
1690961112.0,302.5,-645.8,175.3
1690961127.0,301.9,-645.5,174.7
1690961142.0,301.8,-645.7,176.9
1690961157.0,300.2,-645.1,176.4
1690961172.0,302.5,-645.5,176.6
1690961187.0,302.0,-645.6,176.4
1690961202.0,301.9,-645.7,177.5
1690961217.0,301.6,-645.3,176.5
1690961232.0,301.6,-644.6,177.2
1690961247.0,302.0,-645.4,177.0
1690961262.0,302.8,-645.3,175.3
1690961277.0,301.4,-644.3,177.5
1690961292.0,301.6,-644.8,176.3
1690961307.0,301.4,-645.2,176.5
1690961322.0,301.9,-645.0,177.5
1690961337.0,301.2,-644.8,176.4
1690961352.0,301.1,-644.6,175.3
1690961367.0,299.9,-645.2,177.1
1690961382.0,301.9,-645.3,175.6
1690961397.0,301.9,-644.7,174.6
1690961412.0,302.0,-645.2,175.8
1690961427.0,302.0,-645.7,177.2
1690961442.0,299.0,-644.2,177.2
1690961457.0,300.0,-644.1,178.4
1690961472.0,299.1,-643.8,178.3
1690961487.0,300.5,-645.1,177.1
1690961502.0,302.8,-645.5,176.4
1690961517.0,301.7,-645.3,175.9
1690961532.0,301.6,-645.3,175.3
1690961547.0,301.2,-645.2,175.5
1690961562.0,301.7,-644.9,176.0
1690961577.0,301.4,-645.1,176.4
1690961592.0,302.1,-645.4,175.8
1690961607.0,301.7,-645.5,176.3
1690961622.0,300.0,-644.5,177.3
1690961637.0,301.6,-645.7,177.0
1690961652.0,302.3,-645.6,174.7
1690961667.0,301.4,-645.2,176.2
1690961682.0,300.5,-645.6,176.3
1690961697.0,300.9,-645.2,175.5
1690961712.0,300.9,-644.8,176.7
1690961727.0,301.7,-645.4,177.2
1690961742.0,302.7,-644.7,175.3
1690961757.0,301.5,-645.9,176.7
1690961772.0,301.4,-644.4,176.3
1690961787.0,300.4,-645.7,176.4
1690961802.0,302.0,-645.1,176.8
1690961817.0,302.1,-645.1,175.9
1690961832.0,301.5,-645.0,176.3
1690961847.0,300.3,-645.7,175.0
1690961862.0,301.9,-645.3,177.0
1690961877.0,301.1,-645.7,176.8
1690961892.0,302.1,-644.5,175.9
1690961907.0,300.1,-645.6,176.4
1690961922.0,298.9,-645.4,178.2
1690961937.0,301.7,-644.8,175.2
1690961952.0,301.3,-644.8,175.6
1690961967.0,300.7,-645.8,175.1
1690961982.0,299.8,-644.5,176.5
1690961997.0,301.4,-645.5,175.7
1690962012.0,301.6,-644.5,174.8
1690962027.0,300.8,-645.3,176.7
1690962042.0,301.4,-645.3,175.3
1690962057.0,300.5,-644.9,177.1
1690962072.0,301.8,-645.0,175.9
1690962087.0,302.0,-645.3,175.9
1690962102.0,300.8,-646.0,175.8
1690962117.0,302.0,-645.2,176.6
1690962132.0,301.7,-644.6,176.2
1690962147.0,302.1,-645.3,176.9
1690962162.0,300.8,-644.0,176.9
1690962177.0,300.8,-645.3,176.0
1690962192.0,300.8,-645.4,175.9
1690962207.0,301.8,-645.1,176.9
1690962222.0,302.1,-645.1,176.8
1690962237.0,301.0,-644.6,175.9
1690962252.0,301.5,-645.0,174.0
1690962267.0,301.7,-643.8,175.8
1690962282.0,301.1,-645.2,174.5
1690962297.0,302.2,-645.1,175.1
1690962312.0,300.3,-644.6,176.2
1690962327.0,300.6,-645.4,176.8
1690962342.0,300.5,-645.3,176.8
1690962357.0,299.7,-645.9,177.7
1690962372.0,301.3,-645.3,175.4
1690962387.0,300.7,-645.1,175.8
1690962402.0,302.5,-645.0,176.4
1690962417.0,302.5,-644.6,175.8
1690962432.0,301.7,-645.9,177.7
1690962447.0,302.1,-645.8,177.0
1690962462.0,301.4,-645.3,178.2
1690962477.0,299.8,-643.9,176.5
1690962492.0,300.7,-644.9,176.2
1690962507.0,302.4,-645.4,176.6
1690962522.0,302.3,-645.5,176.0
1690962537.0,301.4,-646.0,178.0
1690962552.0,301.9,-645.7,176.0
1690962567.0,298.6,-644.0,175.1
1690962582.0,299.8,-644.2,176.2
1690962597.0,301.0,-645.6,176.8
1690962612.0,301.0,-645.5,176.6
1690962627.0,301.3,-645.0,175.0
1690962642.0,302.0,-644.9,175.6
1690962657.0,302.7,-645.1,175.8
1690962672.0,300.3,-645.9,175.1
1690962687.0,301.2,-645.0,176.3
1690962702.0,301.0,-645.3,176.5
1690962717.0,300.2,-646.0,178.7
1690962732.0,302.6,-644.8,175.2
1690962747.0,301.4,-645.8,175.9
1690962762.0,303.4,-645.0,174.6
1690962777.0,301.7,-645.0,175.9
1690962792.0,301.7,-644.7,176.0
1690962807.0,300.8,-644.9,176.6
1690962822.0,301.2,-646.2,177.2
1690962837.0,301.5,-645.3,176.1
1690962852.0,301.3,-645.4,177.8
1690962867.0,301.1,-644.7,176.7
1690962882.0,300.6,-644.2,177.0
1690962897.0,300.4,-645.3,175.9
1690962912.0,302.2,-644.8,175.5
1690962927.0,300.7,-644.8,175.9
1690962942.0,300.2,-644.9,176.0
1690962972.0,298.9,-644.6,177.4
1690962987.0,302.0,-645.2,175.7
1690963002.0,301.5,-644.6,176.3
1690963017.0,301.4,-645.0,176.3
1690963032.0,301.5,-645.0,176.5
1690963047.0,301.9,-645.3,177.0
1690963062.0,300.1,-645.4,177.4
1690963077.0,300.7,-645.7,177.1
1690963092.0,301.0,-645.3,175.2
1690963107.0,301.4,-645.0,176.2
1690963122.0,303.7,-645.2,176.9
1690963137.0,302.2,-645.2,177.0
1690963152.0,301.8,-644.7,176.5
1690963167.0,302.5,-644.8,175.3
1690963182.0,300.6,-644.4,175.9
1690963197.0,302.2,-644.7,175.5
1690963212.0,301.5,-644.8,175.2
1690963227.0,301.9,-644.9,175.6
1690963242.0,301.7,-644.7,177.1
1690963257.0,301.7,-644.9,176.2
1690963272.0,302.4,-645.0,176.4
1690963287.0,301.5,-645.2,176.5
1690963302.0,302.6,-645.4,176.5
1690963317.0,301.3,-646.6,176.4
1690963332.0,300.0,-645.3,176.6
1690963347.0,301.1,-643.9,175.0
1690963362.0,301.2,-644.6,176.4
1690963377.0,301.6,-644.9,176.4
1690963392.0,301.7,-645.7,176.0
1690963407.0,302.2,-645.6,177.7
1690963422.0,300.6,-644.9,175.6
1690963437.0,301.7,-645.0,175.5
1690963452.0,301.6,-645.7,176.1
1690963467.0,301.1,-644.9,176.7
1690963482.0,300.6,-644.7,176.8
1690963497.0,301.4,-645.0,174.0
1690963512.0,299.7,-645.8,175.5
1690963527.0,302.0,-644.9,175.7
1690963542.0,301.7,-644.4,175.2
1690963557.0,301.4,-644.1,175.0
1690963572.0,300.6,-644.4,174.6
1690963587.0,300.6,-645.1,175.5
1690963602.0,299.9,-644.6,176.1
1690963617.0,301.3,-644.8,175.1
1690963632.0,301.7,-644.8,177.4
1690963647.0,302.1,-645.5,176.0
1690963662.0,301.2,-643.8,175.4
1690963677.0,300.7,-644.8,175.6
1690963692.0,300.2,-644.7,177.4
1690963707.0,301.9,-645.0,175.9
1690963722.0,300.3,-644.1,174.8
1690963737.0,302.3,-645.3,175.1
1690963752.0,301.4,-645.0,176.2
1690963767.0,301.6,-644.4,175.2
1690963782.0,301.9,-644.7,174.6
1690963797.0,301.7,-644.9,176.0
1690963812.0,302.9,-645.6,176.3
1690963827.0,301.6,-646.1,176.4
1690963842.0,302.6,-644.2,175.4
1690963857.0,300.8,-646.5,175.1
1690963872.0,299.9,-644.6,174.6
1690963887.0,299.3,-644.2,176.2
1690963902.0,299.6,-644.2,177.1
1690963917.0,300.3,-645.4,175.9
1690963932.0,300.4,-644.8,176.0
1690963947.0,301.6,-644.7,175.9
1690963962.0,298.7,-645.4,179.0
1690963977.0,301.2,-644.3,176.2
1690963992.0,301.7,-644.4,176.2
1690964007.0,299.0,-644.4,176.1
1690964022.0,301.3,-645.2,176.3
1690964037.0,302.0,-643.5,176.4
1690964052.0,299.5,-645.0,175.7
1690964067.0,300.3,-644.2,178.1
1690964082.0,301.1,-644.8,176.6
1690964097.0,301.7,-643.9,176.1
1690964112.0,300.0,-644.6,174.9
1690964127.0,300.6,-644.5,176.5
1690964142.0,300.7,-645.1,175.8
1690964157.0,301.4,-645.4,176.3
1690964172.0,301.1,-646.2,177.4
1690964187.0,301.5,-644.9,176.8
1690964202.0,299.3,-645.4,176.2
1690964217.0,298.8,-644.3,176.0
1690964232.0,302.3,-645.0,175.8
1690964247.0,300.5,-645.0,176.1
1690964262.0,299.9,-644.1,175.5
1690964277.0,300.0,-644.9,176.2
1690964292.0,301.0,-645.7,175.6
1690964307.0,302.0,-645.4,176.5
1690964322.0,301.3,-645.1,176.6
1690964337.0,301.6,-644.3,175.2
1690964352.0,300.9,-645.2,175.8
1690964367.0,301.5,-644.2,175.2
1690964382.0,301.3,-644.5,175.2
1690964397.0,301.4,-645.2,176.4
1690964412.0,301.7,-645.3,175.2
1690964427.0,301.7,-644.8,175.8
1690964442.0,300.8,-644.0,175.9
1690964457.0,300.2,-645.3,176.0
1690964472.0,301.2,-645.2,176.4
1690964487.0,302.8,-644.3,175.1
1690964502.0,301.4,-644.0,176.5
1690964517.0,301.4,-644.8,175.2
1690964532.0,301.2,-644.6,175.3
1690964547.0,302.5,-645.2,176.7
1690964562.0,301.4,-644.3,176.8
1690964577.0,300.5,-643.5,174.5
1690964592.0,301.6,-644.7,175.8
1690964607.0,300.5,-645.3,175.6
1690964622.0,300.9,-645.6,176.3
1690964637.0,299.0,-645.6,177.2
1690964652.0,301.6,-646.0,176.6
1690964667.0,301.5,-645.7,176.6
1690964682.0,300.2,-645.2,176.1
1690964697.0,301.6,-645.1,177.3
1690964712.0,302.5,-644.7,174.6
1690964727.0,302.9,-645.3,175.0
1690964742.0,300.3,-645.2,176.1
1690964757.0,301.9,-644.9,175.8
1690964772.0,302.3,-644.8,177.0
1690964787.0,302.0,-644.9,177.1
1690964802.0,301.9,-644.7,176.0
1690964817.0,302.1,-645.3,175.8
1690964832.0,302.0,-645.1,175.9
1690964847.0,302.2,-645.3,176.8
1690964862.0,302.0,-645.1,177.1
1690964877.0,300.4,-645.3,176.1
1690964892.0,300.8,-644.8,177.5
1690964907.0,301.6,-645.5,175.9
1690964922.0,301.4,-645.1,176.3
1690964937.0,302.4,-644.2,176.5
1690964952.0,301.7,-645.0,174.7
1690964967.0,301.5,-644.9,174.9
1690964982.0,299.8,-644.5,176.2
1690964997.0,302.0,-645.1,176.9
1690965012.0,301.3,-645.2,177.9
1690965027.0,300.9,-645.7,176.9
1690965042.0,297.3,-646.0,177.3
1690965057.0,300.8,-645.3,177.6
1690965072.0,301.5,-645.3,177.5
1690965087.0,302.2,-645.4,175.9
1690965102.0,302.3,-645.7,175.9
1690965117.0,301.7,-645.5,176.4
1690965132.0,299.3,-645.8,179.2
1690965147.0,301.2,-645.1,176.6
1690965162.0,300.8,-645.1,174.7
1690965177.0,299.7,-644.7,176.6
1690965192.0,301.6,-645.6,175.8
1690965207.0,301.0,-645.4,175.8
1690965222.0,300.8,-645.3,176.9
1690965237.0,301.5,-645.5,176.5
1690965252.0,299.9,-645.0,176.2
1690965267.0,299.9,-644.6,176.5
1690965282.0,300.8,-645.1,174.1
1690965297.0,301.1,-644.7,175.2
1690965312.0,300.8,-645.0,175.7
1690965327.0,301.0,-645.2,175.2
1690965342.0,299.4,-645.4,177.2
1690965357.0,300.1,-645.0,175.2
1690965372.0,301.7,-644.9,175.7
1690965387.0,299.7,-644.4,175.5
1690965402.0,302.7,-645.3,176.0
1690965417.0,300.9,-644.9,175.8
1690965432.0,300.7,-644.7,174.6
1690965447.0,301.2,-646.1,176.3
1690965462.0,302.1,-645.1,174.7
1690965477.0,300.8,-645.4,177.1
1690965492.0,301.7,-645.4,177.4
1690965507.0,301.6,-645.6,176.6
1690965522.0,301.5,-645.3,176.5
1690965537.0,301.6,-645.1,175.9
1690965552.0,300.6,-645.8,177.0
1690965567.0,301.0,-645.6,176.5
1690965582.0,302.1,-645.8,177.1
1690965597.0,300.2,-644.9,173.6
1690965612.0,300.9,-644.5,175.2
1690965627.0,300.8,-645.8,176.7
1690965642.0,301.1,-645.7,176.4
1690965657.0,301.9,-645.5,175.9
1690965672.0,301.9,-644.6,174.6
1690965687.0,301.3,-645.3,174.9
1690965702.0,301.0,-644.5,176.6
1690965717.0,302.0,-645.5,175.7
1690965732.0,301.0,-644.6,175.9
1690965747.0,302.0,-644.7,174.5
1690965762.0,301.9,-644.8,175.7
1690965777.0,300.7,-645.6,177.0
1690965792.0,301.5,-645.3,176.3
1690965807.0,301.5,-645.2,176.3
1690965822.0,302.0,-643.2,176.3
1690965837.0,301.7,-644.9,175.8
1690965852.0,301.3,-644.8,175.5
1690965867.0,301.4,-645.0,176.3
1690965882.0,300.8,-645.9,175.8
1690965897.0,301.2,-645.2,176.4
1690965912.0,301.5,-644.5,176.2
1690965927.0,301.2,-644.7,176.1
1690965942.0,301.6,-644.7,176.3
1690965957.0,299.9,-645.6,176.4
1690965972.0,302.2,-646.0,176.0
1690965987.0,301.0,-645.4,175.9
1690966002.0,301.5,-645.4,175.1
1690966017.0,301.1,-645.6,176.3
1690966032.0,302.2,-644.8,176.7
1690966047.0,302.4,-645.5,176.3
1690966062.0,301.7,-646.0,176.2
1690966077.0,301.1,-646.4,178.5
1690966092.0,301.6,-644.7,176.5
1690966107.0,302.2,-645.7,176.9
1690966122.0,301.0,-644.4,175.4
1690966137.0,299.7,-646.1,174.6
1690966152.0,302.3,-645.6,175.4
1690966167.0,302.7,-644.9,175.2
1690966182.0,302.3,-644.9,175.5
1690966197.0,301.0,-645.0,175.7
1690966212.0,301.9,-644.8,175.7
1690966227.0,301.3,-646.3,175.1
1690966242.0,299.6,-646.2,176.6
1690966257.0,301.2,-645.4,176.5
1690966272.0,302.9,-645.4,175.2
1690966287.0,301.3,-644.8,176.5
1690966302.0,301.2,-645.5,175.2
1690966317.0,301.9,-645.8,175.7
1690966332.0,302.0,-644.7,176.1
1690966347.0,301.9,-645.2,175.9
1690966362.0,300.7,-645.2,174.2
1690966377.0,299.2,-645.4,177.2
1690966392.0,302.0,-645.0,175.7
1690966407.0,302.1,-645.3,177.0
1690966422.0,301.4,-645.7,176.5
1690966437.0,301.7,-645.7,177.0
1690966452.0,301.5,-645.8,176.8
1690966467.0,300.7,-645.8,177.0
1690966482.0,300.1,-644.6,177.5
1690966497.0,300.6,-645.5,175.8
1690966512.0,300.7,-644.7,174.5
1690966527.0,301.6,-644.4,174.9
1690966542.0,301.2,-645.6,176.3
1690966557.0,302.2,-644.6,175.6
1690966572.0,302.1,-645.5,175.5
1690966587.0,301.2,-645.2,175.2
1690966602.0,301.0,-644.1,175.7
1690966617.0,299.7,-645.3,175.7
1690966632.0,301.7,-644.9,175.9
1690966647.0,301.2,-645.5,175.7
1690966662.0,301.4,-645.3,176.3
1690966677.0,301.2,-644.8,176.5
1690966692.0,301.2,-645.4,175.2
1690966707.0,302.6,-643.4,176.4
1690966722.0,300.7,-645.9,175.8
1690966737.0,300.7,-644.5,176.7
1690966752.0,300.9,-644.8,176.6
1690966767.0,300.5,-644.6,175.9
1690966782.0,301.8,-645.2,176.3
1690966797.0,302.2,-645.4,176.4
1690966812.0,300.2,-644.7,177.4
1690966827.0,300.2,-645.6,176.6
1690966842.0,299.9,-644.7,177.6
1690966857.0,301.1,-645.0,175.8
1690966872.0,301.6,-644.8,177.5
1690966887.0,300.3,-646.1,177.6
1690966902.0,300.0,-645.1,176.2
1690966917.0,301.2,-644.5,175.5
1690966932.0,301.6,-644.6,176.2
1690966947.0,295.4,-646.3,182.4
1690966962.0,298.8,-644.6,175.2
1690966977.0,301.6,-645.5,175.7
1690966992.0,302.2,-645.7,175.8
1690967007.0,301.2,-645.8,176.9
1690967022.0,301.3,-645.8,176.7
1690967037.0,302.1,-644.5,175.9
1690967052.0,302.5,-645.6,175.3
1690967067.0,301.2,-644.5,175.7
1690967082.0,301.8,-645.8,175.8
1690967097.0,302.0,-645.5,175.9
1690967112.0,302.3,-644.7,175.7
1690967127.0,302.6,-644.3,175.6
1690967142.0,301.9,-645.2,174.5
1690967157.0,301.5,-645.2,176.1
1690967172.0,301.7,-644.9,176.2
1690967187.0,302.9,-645.5,175.2
1690967202.0,302.2,-645.0,175.6
1690967217.0,302.4,-645.5,176.2
1690967232.0,302.4,-645.4,175.5
1690967247.0,301.1,-643.5,175.5
1690967262.0,300.6,-646.1,177.1
1690967277.0,301.5,-644.5,176.1
1690967292.0,301.5,-644.7,176.3
1690967307.0,300.5,-644.5,176.4
1690967322.0,299.5,-645.1,178.1
1690967337.0,300.8,-645.0,176.9
1690967352.0,300.7,-645.2,177.0
1690967367.0,300.3,-644.8,177.5
1690967382.0,300.9,-643.6,175.6
1690967397.0,301.9,-644.9,175.7
1690967412.0,303.1,-644.8,175.7
1690967427.0,301.9,-645.6,176.3
1690967442.0,303.2,-645.4,177.5
1690967457.0,300.1,-645.4,177.9
1690967472.0,300.8,-646.1,177.0
1690967487.0,300.0,-645.2,176.7
1690967502.0,299.7,-646.0,177.7
1690967517.0,302.0,-644.3,177.2
1690967532.0,301.1,-645.2,175.7
1690967547.0,301.8,-644.0,175.9
1690967562.0,299.7,-644.3,176.8
1690967577.0,300.9,-644.7,175.8
1690967592.0,300.8,-645.3,176.9
1690967607.0,301.1,-645.3,176.8
1690967622.0,301.1,-644.8,177.0
1690967637.0,301.7,-645.7,177.1
1690967652.0,301.4,-646.2,177.0
1690967667.0,300.8,-646.1,175.9
1690967682.0,301.7,-645.9,177.0
1690967697.0,300.8,-646.1,177.2
1690967712.0,302.0,-645.2,176.3
1690967727.0,301.1,-644.7,176.6
1690967742.0,301.3,-645.0,176.4
1690967757.0,300.7,-646.3,175.8
1690967772.0,302.2,-644.5,175.8
1690967787.0,301.6,-645.3,175.9
1690967802.0,301.5,-645.2,176.1
1690967817.0,301.2,-646.5,176.4
1690967832.0,301.4,-644.4,176.5
1690967847.0,301.4,-646.1,176.3
1690967862.0,302.1,-645.6,177.0
1690967877.0,302.0,-646.1,177.0
1690967892.0,301.5,-645.3,176.8
1690967907.0,301.1,-645.2,176.8
1690967922.0,301.2,-646.1,176.5
1690967937.0,290.1,-648.3,186.8
1690967952.0,301.3,-645.6,176.7
1690967967.0,300.6,-645.8,177.0
1690967982.0,300.8,-645.7,177.0
1690967997.0,300.7,-645.2,176.1
1690968012.0,300.7,-645.6,175.3
1690968027.0,299.9,-645.5,175.2
1690968042.0,301.3,-645.4,177.4
1690968057.0,302.0,-645.1,176.1
1690968072.0,301.8,-645.6,176.2
1690968087.0,300.8,-644.7,176.9
1690968102.0,301.4,-644.8,177.4
1690968117.0,301.9,-645.8,176.0
1690968132.0,300.7,-645.4,175.6
1690968147.0,301.1,-645.1,176.4
1690968162.0,299.9,-644.9,176.6
1690968177.0,301.9,-644.6,176.0
1690968192.0,300.6,-646.1,174.6
1690968207.0,301.1,-646.1,177.6
1690968222.0,302.2,-644.7,176.4
1690968237.0,300.8,-644.8,175.8
1690968252.0,300.9,-645.3,174.6
1690968267.0,301.0,-645.5,175.6
1690968282.0,301.3,-645.2,176.2
1690968297.0,300.6,-646.4,175.8
1690968312.0,301.9,-645.0,175.1
1690968327.0,301.9,-645.0,176.9
1690968342.0,301.0,-646.2,176.4
1690968357.0,300.7,-645.8,177.0
1690968372.0,301.9,-645.1,175.9
1690968387.0,301.4,-645.8,175.3
1690968402.0,299.8,-645.5,175.2
1690968417.0,301.3,-644.4,175.3
1690968447.0,301.7,-645.3,175.9
1690968462.0,301.4,-644.9,176.1
1690968477.0,301.5,-644.6,176.1
1690968492.0,301.5,-645.3,175.3
1690968507.0,300.2,-645.8,175.2
1690968522.0,301.6,-645.1,175.2
1690968537.0,301.8,-645.0,176.9
1690968552.0,301.2,-645.4,177.5
1690968567.0,302.9,-645.6,176.5
1690968582.0,302.1,-644.9,175.9
1690968597.0,302.1,-644.6,176.6
1690968612.0,300.9,-645.1,175.7
1690968627.0,300.4,-646.5,175.8
1690968642.0,301.2,-644.7,176.8
1690968657.0,301.4,-645.2,176.4
1690968672.0,301.3,-644.6,176.7
1690968687.0,301.7,-644.9,175.9
1690968702.0,301.1,-644.5,175.7
1690968717.0,301.6,-645.4,175.8
1690968732.0,301.8,-645.4,175.9
1690968747.0,300.5,-645.2,176.1
1690968762.0,301.7,-644.1,176.2
1690968777.0,301.5,-644.8,176.0
1690968792.0,300.7,-644.3,176.7
1690968807.0,300.8,-644.6,176.6
1690968822.0,300.0,-645.2,176.5
1690968837.0,299.8,-646.0,175.5
1690968852.0,301.9,-645.6,174.5
1690968867.0,300.3,-644.9,177.7
1690968882.0,301.1,-644.3,176.8
1690968897.0,300.4,-644.4,175.7
1690968912.0,300.4,-644.4,175.7
1690968927.0,301.9,-643.8,176.8
1690968942.0,300.8,-645.0,175.9
1690968957.0,300.9,-645.6,176.5
1690968972.0,301.9,-644.9,175.9
1690968987.0,302.3,-645.0,176.6
1690969002.0,302.7,-645.6,176.3
1690969017.0,300.4,-645.2,177.1
1690969032.0,301.1,-645.5,175.2
1690969047.0,300.3,-646.0,175.7
1690969062.0,302.5,-645.8,176.4
1690969077.0,301.8,-645.6,177.1
1690969092.0,301.1,-645.1,177.0
1690969107.0,300.9,-645.3,177.0
1690969122.0,301.7,-644.7,176.0
1690969137.0,300.1,-645.3,175.0
1690969152.0,301.1,-645.1,176.4
1690969167.0,302.2,-644.8,175.9
1690969182.0,301.2,-644.6,175.7
1690969197.0,302.0,-645.4,175.9
1690969212.0,301.4,-645.2,176.5
1690969227.0,301.9,-645.1,176.0
1690969242.0,300.6,-644.7,175.9
1690969257.0,300.4,-644.5,175.2
1690969272.0,302.0,-644.6,175.9
1690969287.0,302.2,-645.4,175.8
1690969302.0,302.6,-645.4,177.5
1690969317.0,301.7,-645.7,176.5
1690969332.0,298.8,-645.5,175.4
1690969347.0,302.3,-645.0,176.6
1690969362.0,299.7,-644.8,175.3
1690969377.0,301.1,-645.5,176.2
1690969392.0,300.8,-644.9,176.8
1690969407.0,301.2,-645.5,175.2
1690969422.0,302.1,-645.6,176.6
1690969437.0,301.5,-645.4,177.6
1690969452.0,300.2,-646.1,178.0
1690969467.0,301.4,-646.0,177.8
1690969482.0,301.4,-646.1,176.7
1690969497.0,300.5,-644.9,175.9
1690969512.0,301.5,-645.6,176.4
1690969527.0,301.7,-645.0,176.2
1690969542.0,300.9,-645.9,175.7
1690969557.0,302.6,-645.3,176.3
1690969572.0,302.4,-644.4,175.3
1690969587.0,301.5,-645.2,176.2
1690969602.0,301.7,-645.5,175.9
1690969617.0,301.4,-645.1,177.0
1690969632.0,301.6,-644.8,176.4
1690969647.0,301.9,-645.7,175.8
1690969662.0,300.8,-644.8,175.4
1690969677.0,302.0,-645.2,176.9
1690969692.0,301.0,-645.2,176.9
1690969707.0,300.5,-645.1,178.4
1690969722.0,300.1,-645.3,176.5
1690969737.0,301.0,-645.4,177.7
1690969752.0,301.4,-645.2,176.5
1690969767.0,301.3,-645.3,176.5
1690969782.0,301.4,-645.1,176.5
1690969797.0,301.7,-644.9,176.4
1690969812.0,301.9,-645.0,175.8
1690969827.0,301.1,-645.7,176.5
1690969842.0,302.0,-645.0,175.8
1690969857.0,299.4,-644.3,176.8
1690969872.0,300.9,-644.9,176.6
1690969887.0,301.0,-645.9,176.8
1690969902.0,299.9,-645.9,177.0
1690969917.0,300.2,-645.3,177.0
1690969932.0,301.8,-644.9,175.7
1690969947.0,299.7,-644.5,175.5
1690969962.0,301.2,-645.1,176.3
1690969977.0,300.3,-644.9,175.9
1690969992.0,300.3,-644.9,176.1
1690970007.0,302.3,-645.4,176.4
1690970022.0,301.2,-644.7,176.7
1690970037.0,301.3,-645.5,175.6
1690970052.0,301.4,-645.2,176.2
1690970067.0,301.7,-645.5,175.8
1690970082.0,301.3,-644.9,176.3
1690970097.0,302.5,-644.7,176.2
1690970112.0,302.7,-645.1,176.3
1690970127.0,301.6,-644.9,175.1
1690970142.0,301.9,-644.2,176.7
1690970157.0,301.5,-645.1,175.2
1690970172.0,302.4,-645.0,175.6
1690970187.0,301.0,-644.7,176.6
1690970202.0,301.1,-645.4,176.2
1690970217.0,300.7,-645.4,175.7
1690970232.0,301.3,-645.3,176.2
1690970247.0,302.2,-645.3,175.1
1690970262.0,302.1,-645.2,176.4
1690970277.0,301.8,-645.5,175.2
1690970292.0,300.1,-645.9,178.0
1690970307.0,301.1,-645.6,176.5
1690970322.0,302.8,-645.6,176.3
1690970337.0,300.4,-645.6,175.9
1690970352.0,301.4,-646.2,177.1
1690970367.0,301.7,-645.8,177.1
1690970382.0,301.8,-645.3,177.4
1690970397.0,300.6,-645.7,176.9
1690970412.0,302.0,-645.2,175.8
1690970427.0,300.9,-644.8,174.5
1690970442.0,301.0,-644.4,176.1
1690970457.0,298.7,-644.7,176.3
1690970472.0,301.8,-644.2,176.8
1690970487.0,301.5,-645.0,176.5
1690970502.0,301.5,-645.3,176.3
1690970517.0,300.7,-644.0,175.7
1690970532.0,301.5,-644.4,175.1
1690970547.0,299.1,-645.3,177.3
1690970562.0,300.2,-645.4,175.8
1690970577.0,301.0,-646.3,175.5
1690970592.0,302.3,-645.6,176.4
1690970607.0,300.6,-644.2,177.0
1690970622.0,301.2,-645.8,175.3
1690970637.0,301.4,-645.1,176.3
1690970652.0,300.8,-643.5,176.8
1690970667.0,301.2,-644.8,175.2
1690970682.0,301.0,-644.5,176.5
1690970697.0,300.6,-643.8,175.5
1690970712.0,302.3,-644.5,176.1
1690970727.0,301.9,-644.1,176.9
1690970742.0,301.5,-645.2,176.6
1690970757.0,301.4,-645.1,176.5
1690970772.0,301.5,-644.5,175.1
1690970787.0,300.4,-644.2,175.5
1690970802.0,300.4,-644.2,175.6
1690970817.0,301.4,-645.2,175.8
1690970832.0,298.7,-645.3,173.7
1690970847.0,300.6,-644.3,176.6
1690970862.0,300.7,-645.0,176.3
1690970877.0,300.3,-643.9,178.2
1690970892.0,301.7,-644.4,175.8
1690970907.0,301.3,-644.6,177.3
1690970922.0,302.6,-644.8,177.9
1690970937.0,302.7,-643.3,176.3
1690970952.0,300.4,-644.3,176.0
1690970967.0,301.3,-644.3,176.1
1690970982.0,301.3,-645.7,176.2
1690970997.0,302.1,-644.9,177.9
1690971012.0,303.2,-645.3,176.2
1690971027.0,303.1,-645.3,176.0
1690971042.0,303.2,-644.9,175.6
1690971057.0,301.2,-644.5,175.3
1690971072.0,300.8,-644.8,175.6
1690971087.0,300.5,-645.3,174.6
1690971102.0,300.9,-644.8,177.5
1690971117.0,300.8,-643.5,178.0
1690971132.0,301.1,-645.1,176.8
1690971147.0,298.7,-644.0,175.0
1690971162.0,303.0,-645.7,177.5
1690971177.0,301.0,-644.4,176.7
1690971192.0,300.4,-644.6,175.9
1690971207.0,300.2,-644.7,175.9
1690971222.0,301.5,-644.4,175.1
1690971237.0,302.0,-644.7,174.4
1690971252.0,301.2,-645.5,176.3
1690971267.0,300.3,-645.9,175.9
1690971282.0,300.1,-645.3,176.3
1690971297.0,300.9,-645.0,176.6
1690971312.0,301.6,-644.5,175.9
1690971327.0,301.4,-645.1,176.3
1690971342.0,301.1,-645.4,175.2
1690971357.0,301.0,-645.6,176.5
1690971372.0,300.3,-644.4,176.1
1690971387.0,303.1,-644.9,175.9
1690971402.0,300.2,-644.0,176.1
1690971417.0,301.6,-644.7,176.2
1690971432.0,301.8,-645.0,176.1
1690971447.0,300.2,-643.3,175.9
1690971462.0,302.2,-644.7,176.4
1690971477.0,302.0,-644.9,176.0
1690971492.0,302.4,-645.3,177.8
1690971507.0,302.0,-645.1,177.5
1690971522.0,302.3,-644.9,177.1
1690971537.0,302.7,-645.7,177.7
1690971552.0,302.2,-645.3,177.2
1690971567.0,300.0,-644.6,175.2
1690971582.0,301.0,-644.3,176.2
1690971597.0,301.0,-644.5,176.4
1690971612.0,301.4,-644.9,176.5
1690971627.0,302.6,-645.4,177.6
1690971642.0,301.1,-644.4,175.5
1690971657.0,302.0,-644.4,175.7
1690971672.0,300.8,-644.9,175.7
1690971687.0,300.4,-642.8,176.9
1690971702.0,301.7,-644.3,176.2
1690971717.0,302.3,-645.0,176.6
1690971732.0,301.3,-644.4,176.8
1690971747.0,298.5,-644.0,173.9
1690971762.0,302.0,-644.4,175.8
1690971777.0,298.9,-644.0,173.5
1690971792.0,301.2,-645.0,176.3
1690971807.0,301.0,-644.5,175.8
1690971822.0,302.6,-645.1,176.4
1690971837.0,300.8,-644.1,175.9
1690971852.0,301.3,-644.9,175.1
1690971867.0,300.3,-644.3,176.0
1690971882.0,300.1,-643.3,175.8
1690971897.0,299.2,-643.3,177.0
1690971912.0,299.8,-645.2,176.5
1690971927.0,300.2,-645.1,177.4
1690971942.0,301.1,-642.7,177.7
1690971957.0,300.4,-643.1,177.8
1690971972.0,302.3,-644.1,175.6
1690971987.0,301.4,-644.9,176.4
1690972002.0,302.4,-645.2,177.0
1690972017.0,302.0,-645.7,177.0
1690972032.0,301.8,-644.9,175.3
1690972047.0,300.4,-645.1,177.2
1690972062.0,301.1,-644.8,176.4
1690972077.0,300.0,-645.0,176.6
1690972092.0,301.8,-644.2,176.6
1690972107.0,303.0,-640.0,175.5
1690972122.0,147.3,-591.5,-139.8
1690972137.0,275.0,-628.3,114.4
1690972152.0,304.6,-644.3,176.7
1690972167.0,296.6,-645.6,180.3
1690972182.0,304.0,-642.5,175.6
1690972197.0,336.9,-663.9,191.8
1690972212.0,291.5,-646.8,182.7
1690972227.0,184.3,-618.2,83.1
1690972242.0,300.9,-644.5,177.9
1690972257.0,300.1,-645.3,177.7
1690972272.0,292.2,-648.0,183.8
1690972287.0,300.5,-643.8,176.0
1690972302.0,299.2,-644.1,177.8
1690972317.0,506.9,-556.9,-48.5
1690972332.0,289.0,-643.6,165.0
1690972347.0,296.3,-643.9,183.1
1690972362.0,317.7,-593.4,177.2
1690972377.0,302.4,-643.8,175.5
1690972392.0,304.1,-645.3,176.4
1690972407.0,302.3,-645.6,175.9
1690972422.0,303.7,-641.3,176.0
1690972437.0,212.9,-610.4,102.9
1690972452.0,288.6,-648.3,188.7
1690972467.0,295.1,-669.0,175.1
1690972482.0,293.6,-646.2,185.6
1690972497.0,299.4,-646.2,174.2
1690972512.0,301.7,-646.2,175.0
1690972527.0,300.8,-644.3,180.1
1690972542.0,306.9,-629.9,171.0
1690972557.0,-108.0,-745.8,500.0
1690972572.0,269.0,-663.6,259.9
1690972587.0,305.1,-628.8,175.7
1690972602.0,292.8,-638.9,183.9
1690972617.0,296.8,-645.0,177.2
1690972632.0,300.0,-643.7,177.1
1690972647.0,303.2,-644.6,175.3
1690972662.0,299.2,-643.1,172.9
1690972677.0,302.3,-646.8,176.1
1690972692.0,303.5,-644.7,174.5
1690972707.0,293.1,-643.6,168.3
1690972722.0,305.6,-541.1,175.1
1690972737.0,294.1,-624.8,181.5
1690972752.0,300.3,-647.1,178.5
1690972767.0,293.8,-641.7,182.3
1690972782.0,289.1,-641.5,181.7
1690972797.0,287.2,-648.6,191.9
1690972812.0,300.6,-646.5,177.2
1690972827.0,302.4,-640.5,174.4
1690972842.0,303.1,-641.6,177.7
1690972857.0,98.5,-467.2,1.0
1690972872.0,299.4,-646.2,176.0
1690972887.0,163.5,-553.7,330.2
1690972902.0,263.8,-626.1,152.2
1690972917.0,296.7,-645.9,179.5
1690972932.0,289.1,-648.4,187.3
1690972947.0,291.3,-648.9,190.5
1690972962.0,160.1,-617.1,-53.2
1690972977.0,293.2,-647.1,183.9
1690972992.0,299.9,-620.9,179.7
1690973007.0,286.8,-645.0,175.0
1690973022.0,299.4,-645.1,175.7
1690973037.0,293.2,-636.2,178.9
1690973052.0,289.7,-647.0,177.9
1690973067.0,299.9,-642.9,176.1
1690973082.0,297.9,-642.7,177.2
1690973097.0,266.0,-620.2,75.0
1690973112.0,304.1,-648.6,174.5
1690973127.0,301.7,-643.4,175.3
1690973142.0,288.9,-644.8,167.1
1690973157.0,301.5,-644.7,177.4
1690973172.0,303.4,-648.1,175.8
1690973187.0,nan,nan,nan
1690973202.0,345.0,-588.3,144.5
1690973217.0,302.1,-641.9,173.5
1690973232.0,302.2,-646.0,178.3
1690973247.0,504.6,-722.3,78.7
1690973262.0,465.6,-669.6,97.7
1690973277.0,305.9,-641.4,176.5
1690973292.0,288.4,-647.4,189.2
1690973307.0,302.2,-645.0,172.5
1690973322.0,302.6,-645.8,175.8
1690973337.0,304.1,-636.3,176.6
1690973352.0,301.0,-644.5,176.0
1690973367.0,303.9,-641.5,177.0
1690973382.0,291.3,-645.5,186.2
1690973397.0,299.8,-646.8,178.1
1690973412.0,nan,nan,nan
1690973427.0,301.8,-644.3,176.9
1690973442.0,303.3,-643.7,176.2
1690973457.0,299.3,-645.1,174.5
1690973472.0,293.9,-643.1,166.2
1690973487.0,295.8,-638.5,179.2
1690973502.0,290.0,-649.1,186.2
1690973517.0,294.1,-646.6,181.1
1690973532.0,nan,nan,nan
1690973547.0,305.9,-628.9,169.9
1690973562.0,290.0,-643.2,165.2
1690973577.0,303.7,-646.5,175.7
1690973592.0,173.1,-843.7,259.3
1690973607.0,269.3,-617.1,85.3
1690973622.0,300.3,-644.5,174.3
1690973637.0,304.0,-638.2,175.6
1690973652.0,300.3,-651.1,148.0
1690973667.0,288.7,-649.4,191.9
1690973682.0,341.4,-636.5,207.9
1690973697.0,1044.2,-203.5,500.0
1690973712.0,288.9,-647.8,187.8
1690973727.0,299.5,-647.4,180.1
1690973742.0,304.9,-651.7,176.6
1690973757.0,298.5,-645.2,178.7
1690973772.0,273.9,-636.6,152.1
1690973787.0,298.0,-643.3,176.0
1690973802.0,295.6,-644.4,171.2
1690973817.0,300.4,-643.2,175.8
1690973832.0,302.1,-647.6,176.0
1690973847.0,302.2,-644.7,176.9
1690973862.0,261.5,-650.4,173.5
1690973877.0,351.0,-672.3,142.5
1690973892.0,279.4,-623.1,176.7
1690973907.0,264.6,-633.5,146.0
1690973937.0,303.9,-636.9,174.2
1690973952.0,305.0,-638.8,176.3
1690973967.0,308.0,-641.8,176.0
1690973982.0,289.1,-648.5,190.4
1690973997.0,295.0,-641.9,156.3
1690974012.0,276.3,-652.9,211.2
1690974027.0,272.7,-661.6,242.9
1690974042.0,231.3,-376.0,203.5
1690974057.0,301.3,-643.7,176.6
1690974072.0,269.1,-627.9,98.1
1690974087.0,298.6,-644.4,180.9
1690974102.0,303.5,-643.2,175.1
1690974117.0,87.7,-481.0,101.5
1690974132.0,260.7,-621.9,86.1
1690974147.0,299.0,-646.1,179.8
1690974162.0,145.6,-671.8,421.1
1690974177.0,283.2,-639.8,156.5
1690974192.0,300.2,-643.3,174.6
1690974207.0,289.9,-644.3,166.0
1690974222.0,289.4,-643.7,163.1
1690974237.0,301.8,-627.4,178.7
1690974252.0,298.9,-645.1,173.3
1690974267.0,259.1,-474.0,-232.0
1690974282.0,287.9,-648.6,187.5
1690974297.0,304.7,-632.7,176.0
1690974312.0,507.6,-404.1,151.4
1690974327.0,304.0,-638.0,174.6
1690974342.0,148.3,-550.5,301.9
1690974357.0,300.1,-645.1,179.1
1690974372.0,300.2,-646.6,180.1
1690974387.0,290.5,-643.2,164.3
1690974402.0,302.8,-642.0,177.6
1690974417.0,301.5,-644.7,178.5
1690974432.0,303.8,-644.8,172.7
1690974447.0,293.9,-643.8,196.3
1690974462.0,301.2,-645.0,177.6
1690974477.0,304.2,-639.2,176.9
1690974492.0,328.4,-645.0,201.5
1690974507.0,280.6,-649.8,195.3
1690974522.0,281.6,-654.5,233.6
1690974537.0,299.4,-645.3,178.1
1690974552.0,287.3,-650.0,191.9
1690974567.0,269.9,-662.5,244.7
1690974582.0,285.3,-642.1,160.5
1690974597.0,289.7,-642.1,166.7
1690974612.0,263.1,-467.8,149.5
1690974627.0,308.4,-654.3,170.6
1690974642.0,291.7,-648.2,185.4
1690974657.0,268.9,-657.3,208.7
1690974672.0,527.2,-536.8,-59.3
1690974687.0,281.7,-549.4,179.8
1690974702.0,304.4,-642.4,177.0
1690974717.0,284.3,-642.5,160.6
1690974732.0,304.4,-644.5,175.7
1690974747.0,298.9,-645.1,176.2
1690974762.0,388.4,-657.3,122.0
1690974777.0,300.9,-645.0,176.8
1690974792.0,299.5,-644.0,177.2
1690974807.0,295.4,-647.2,185.7
1690974822.0,296.1,-643.4,178.2
1690974837.0,352.7,-633.5,135.0
1690974852.0,301.1,-642.0,177.7
1690974867.0,296.7,-645.5,179.3
1690974882.0,298.1,-645.3,179.4
1690974897.0,164.4,-615.1,78.2
1690974912.0,301.5,-643.9,177.2
1690974927.0,305.1,-647.3,174.6
1690974942.0,298.7,-646.3,177.3
1690974957.0,281.2,-638.6,156.2
1690974972.0,295.7,-646.5,173.2
1690974987.0,301.3,-644.6,176.3
1690975002.0,298.9,-643.6,174.2
1690975017.0,288.6,-646.9,183.8
1690975032.0,303.1,-642.2,175.9
1690975047.0,298.8,-643.9,178.8
1690975062.0,333.4,-604.3,268.8
1690975077.0,280.8,-640.7,156.6
1690975092.0,-784.4,-153.2,-139.8
1690975107.0,292.5,-647.7,187.4
1690975122.0,300.6,-647.2,176.4
1690975137.0,306.2,-638.7,178.4
1690975152.0,378.1,-439.1,141.7
1690975167.0,303.1,-645.1,175.8
1690975182.0,435.7,-336.5,385.1
1690975197.0,121.5,-522.0,-37.4
1690975212.0,268.5,-652.0,221.3
1690975227.0,302.5,-642.2,175.2
1690975242.0,301.1,-645.3,176.7
1690975257.0,-315.7,-185.5,487.4
1690975272.0,303.5,-641.5,176.6
1690975287.0,302.8,-644.0,177.1
1690975302.0,300.0,-644.3,174.4
1690975317.0,292.0,-647.4,184.5
1690975332.0,284.0,-639.9,159.3
1690975347.0,299.2,-644.0,176.9
1690975362.0,nan,nan,nan
1690975377.0,303.0,-644.7,176.8
1690975392.0,302.8,-643.8,177.9
1690975407.0,302.0,-643.1,176.7
1690975422.0,291.5,-649.2,196.6
1690975437.0,303.4,-643.9,174.6
1690975452.0,302.1,-644.9,175.5
1690975467.0,202.4,-603.2,34.1
1690975482.0,295.5,-611.9,174.6
1690975497.0,289.0,-648.8,189.9
1690975512.0,291.3,-645.3,163.0
1690975527.0,539.7,-456.9,500.0
1690975542.0,286.9,-639.7,162.0
1690975557.0,294.8,-277.6,269.7
1690975572.0,301.6,-642.6,177.6
1690975587.0,302.2,-640.1,177.1
1690975602.0,298.8,-642.7,172.7
1690975617.0,-981.1,43.5,16.3
1690975632.0,304.3,-628.0,173.7
1690975647.0,281.0,-680.6,161.3
1690975662.0,287.7,-651.5,191.5
1690975677.0,270.7,-638.2,152.0
1690975692.0,302.7,-644.0,177.4
1690975707.0,92.9,-592.8,4.1
1690975722.0,287.4,-648.4,188.9
1690975737.0,289.7,-648.8,189.8
1690975752.0,304.7,-640.6,175.7
1690975767.0,300.1,-643.3,177.1
1690975782.0,300.3,-643.3,177.0
1690975797.0,300.9,-643.3,177.2
1690975812.0,301.8,-644.9,175.9
1690975827.0,301.3,-643.2,177.0
1690975842.0,301.5,-644.5,177.3
1690975857.0,299.9,-645.0,176.6
1690975872.0,301.1,-643.0,175.1
1690975887.0,301.0,-643.6,176.2
1690975902.0,301.8,-644.0,176.8
1690975917.0,301.7,-643.8,177.0
1690975932.0,300.5,-643.9,177.0
1690975947.0,301.6,-644.6,176.0
1690975962.0,301.7,-644.8,177.2
1690975977.0,301.7,-644.7,176.6
1690975992.0,301.0,-643.8,176.6
1690976007.0,300.5,-643.9,175.9
1690976022.0,302.5,-644.7,176.7
1690976037.0,301.0,-645.2,175.7
1690976052.0,300.1,-643.8,174.8
1690976067.0,299.8,-644.3,174.9
1690976082.0,297.6,-644.4,172.4
1690976097.0,300.0,-645.1,175.8
1690976112.0,299.0,-644.8,173.7
1690976127.0,301.6,-646.0,176.4
1690976142.0,300.2,-644.1,176.2
1690976157.0,296.1,-642.7,172.4
1690976172.0,297.4,-643.8,172.2
1690976187.0,297.1,-644.3,174.6
1690976202.0,298.3,-643.9,174.8
1690976217.0,298.1,-644.4,173.6
1690976232.0,301.7,-645.6,175.9
1690976247.0,302.3,-645.6,175.7
1690976262.0,298.6,-644.9,175.3
1690976277.0,296.1,-644.2,174.8
1690976292.0,298.7,-646.1,174.4
1690976307.0,295.9,-644.2,172.5
1690976322.0,296.4,-644.1,174.6
1690976337.0,298.6,-644.9,173.9
1690976352.0,296.5,-643.7,173.3
1690976367.0,298.4,-644.4,173.6
1690976382.0,298.1,-644.1,174.2
1690976397.0,297.5,-643.7,172.5
1690976412.0,296.5,-644.0,172.2
1690976427.0,299.5,-645.2,174.2
1690976442.0,298.7,-645.1,174.2
1690976457.0,298.9,-644.5,174.7
1690976472.0,300.7,-645.5,175.6
1690976487.0,295.9,-643.9,173.8
1690976502.0,297.8,-644.2,175.5
1690976517.0,299.8,-645.1,176.4
1690976532.0,299.1,-644.1,174.6
1690976547.0,298.9,-644.5,175.9
1690976562.0,295.0,-643.7,173.0
1690976577.0,299.8,-645.6,174.9
1690976592.0,299.3,-644.8,174.5
1690976607.0,297.8,-644.3,173.8
1690976622.0,299.5,-645.9,172.9
1690976637.0,300.2,-644.8,173.9
1690976652.0,297.7,-644.4,172.5
1690976667.0,296.3,-644.0,173.1
1690976682.0,298.6,-645.7,173.6
1690976697.0,298.0,-643.9,173.1
1690976712.0,298.0,-644.3,171.9
1690976727.0,299.2,-645.7,174.4
1690976742.0,297.8,-645.2,175.6
1690976757.0,297.8,-644.5,172.8
1690976772.0,297.3,-645.3,172.5
1690976787.0,299.1,-644.6,173.3
1690976802.0,299.4,-643.4,175.0
1690976817.0,298.7,-645.4,173.9
1690976832.0,299.2,-645.2,175.0
1690976847.0,299.6,-644.3,175.3
1690976862.0,298.1,-645.4,173.3
1690976877.0,297.9,-645.3,174.2
1690976892.0,297.5,-644.8,172.7
1690976907.0,299.7,-644.9,175.1
1690976922.0,295.8,-644.0,171.5
1690976937.0,296.1,-643.8,171.9
1690976952.0,298.5,-645.8,173.8
1690976967.0,300.5,-644.3,174.7
1690976982.0,300.8,-645.4,176.4
1690976997.0,298.7,-643.9,174.7
1690977012.0,297.6,-644.9,173.5
1690977027.0,297.5,-644.1,174.2
1690977042.0,297.3,-645.6,173.7
1690977057.0,298.3,-644.5,173.8
1690977072.0,298.2,-644.0,173.7
1690977087.0,299.2,-644.5,173.0
1690977102.0,299.4,-645.8,174.2
1690977117.0,299.4,-645.0,173.3
1690977132.0,300.9,-644.3,176.8
1690977147.0,297.8,-643.4,175.2
1690977162.0,299.6,-644.1,173.0
1690977177.0,299.1,-644.9,177.3
1690977192.0,299.8,-644.7,175.3
1690977207.0,298.7,-643.7,175.8
1690977222.0,298.1,-644.5,174.2
1690977237.0,298.6,-644.1,174.7
1690977252.0,297.3,-644.4,173.6
1690977267.0,298.8,-643.4,174.3
1690977282.0,296.3,-644.6,173.3
1690977297.0,298.2,-645.3,174.9
1690977312.0,301.2,-644.9,175.1
1690977327.0,298.0,-644.1,171.9
1690977342.0,299.3,-644.6,175.4
1690977357.0,299.4,-643.9,174.1
1690977372.0,300.7,-644.6,177.1
1690977387.0,297.9,-644.1,173.1
1690977402.0,297.6,-644.5,173.2
1690977417.0,298.6,-644.8,174.5
1690977432.0,298.4,-645.2,174.6
1690977447.0,300.9,-644.1,176.6
1690977462.0,299.2,-645.0,174.4
1690977477.0,297.7,-644.3,173.3
1690977492.0,298.1,-643.1,174.7
1690977507.0,298.7,-643.4,174.8
1690977522.0,298.2,-643.6,171.9
1690977537.0,297.7,-645.8,173.1
1690977552.0,298.2,-643.4,173.1
1690977567.0,295.4,-643.3,171.7
1690977597.0,296.3,-643.4,172.2
1690977612.0,298.0,-643.9,172.8
1690977627.0,298.4,-645.1,173.6
1690977642.0,300.7,-644.2,174.3
1690977657.0,300.5,-644.5,175.9
1690977672.0,297.1,-644.5,173.7
1690977687.0,298.9,-645.9,175.9
1690977702.0,298.0,-643.1,174.4
1690977717.0,300.5,-644.9,175.6
1690977732.0,299.3,-644.6,174.6
1690977747.0,297.4,-643.7,173.6
1690977762.0,297.4,-643.7,173.6
1690977777.0,299.9,-646.0,176.4
1690977792.0,297.6,-643.6,175.9
1690977807.0,296.8,-645.2,174.7
1690977822.0,297.6,-644.0,174.6
1690977837.0,301.0,-644.4,177.5
1690977852.0,298.1,-644.7,173.3
1690977867.0,296.9,-643.8,173.7
1690977882.0,299.9,-644.9,174.9
1690977897.0,299.1,-644.5,174.6
1690977912.0,299.0,-644.6,174.5
1690977927.0,299.9,-644.7,173.8
1690977942.0,298.4,-644.4,174.0
1690977957.0,295.0,-644.0,175.8
1690977972.0,299.1,-644.1,176.0
1690977987.0,300.0,-644.8,174.3
1690978002.0,299.1,-644.5,174.4
1690978017.0,298.1,-643.8,173.3
1690978032.0,297.6,-643.9,173.4
1690978047.0,301.1,-645.6,176.3
1690978062.0,297.2,-644.8,172.6
1690978077.0,298.6,-644.3,175.7
1690978092.0,297.5,-644.7,174.6
1690978107.0,297.6,-645.2,174.5
1690978122.0,299.7,-644.4,173.9
1690978137.0,297.6,-643.9,173.4
1690978152.0,297.3,-643.8,174.1
1690978167.0,295.1,-643.8,172.1
1690978182.0,298.5,-644.2,173.1
1690978197.0,297.7,-644.6,172.5
1690978212.0,300.0,-644.2,175.5
1690978227.0,298.9,-645.0,174.0
1690978242.0,299.5,-644.5,175.0
1690978257.0,297.9,-643.5,174.4
1690978272.0,299.9,-643.8,174.7
1690978287.0,299.9,-644.4,173.9
1690978302.0,301.0,-644.6,174.3
1690978317.0,299.9,-645.5,177.2
1690978332.0,299.0,-644.5,173.5
1690978347.0,299.3,-643.4,175.6
1690978362.0,295.8,-644.6,172.3
1690978377.0,297.1,-644.7,172.5
1690978392.0,297.6,-643.3,172.3
1690978407.0,298.5,-643.8,173.5
1690978422.0,296.7,-643.7,172.0
1690978437.0,295.8,-644.8,171.7
1690978452.0,299.1,-644.4,173.0
1690978467.0,295.0,-643.7,171.8
1690978482.0,298.9,-644.6,175.9
1690978497.0,298.6,-644.1,174.0
1690978512.0,300.1,-645.2,173.6
1690978527.0,295.2,-644.5,173.0
1690978542.0,297.6,-643.8,173.5
1690978557.0,298.9,-644.3,173.3
1690978572.0,301.2,-645.1,174.3
1690978587.0,296.3,-642.9,173.0
1690978602.0,297.9,-644.5,175.1
1690978617.0,298.7,-644.9,176.0
1690978632.0,298.8,-645.7,176.3
1690978647.0,300.2,-646.3,176.2
1690978662.0,298.2,-644.5,176.6
1690978677.0,298.0,-644.2,175.3
1690978692.0,298.7,-644.4,174.8
1690978707.0,298.4,-644.4,173.4
1690978722.0,296.0,-642.8,173.7
1690978737.0,299.7,-644.9,175.5
1690978752.0,298.3,-644.8,173.2
1690978767.0,296.2,-643.6,172.2
1690978782.0,299.5,-645.3,173.0
1690978797.0,297.2,-645.0,171.8
1690978812.0,300.8,-645.1,173.3
1690978827.0,297.0,-645.0,173.6
1690978842.0,300.0,-644.1,175.0
1690978857.0,297.3,-643.9,174.4
1690978872.0,299.8,-645.4,173.8
1690978887.0,300.3,-644.7,176.0
1690978902.0,298.2,-644.8,173.2
1690978917.0,299.4,-644.2,173.3
1690978932.0,296.6,-645.4,173.1
1690978947.0,298.3,-644.6,172.8
1690978962.0,299.1,-644.1,174.7
1690978977.0,300.5,-646.5,175.2
1690978992.0,300.9,-643.5,174.4
1690979007.0,299.5,-645.0,173.8
1690979022.0,299.1,-645.1,172.1
1690979037.0,299.1,-645.1,176.0
1690979052.0,297.4,-643.9,173.1
1690979067.0,298.9,-643.8,174.8
1690979082.0,300.3,-645.6,173.8
1690979097.0,301.4,-645.5,175.6
1690979112.0,300.0,-644.2,175.2
1690979127.0,296.9,-644.9,174.2
1690979142.0,298.9,-643.5,173.6
1690979157.0,301.3,-645.7,175.2
1690979172.0,301.3,-644.8,174.5
1690979187.0,298.5,-644.7,175.4
1690979202.0,299.8,-643.9,173.3
1690979217.0,301.6,-644.4,174.9
1690979232.0,300.9,-645.2,175.0
1690979247.0,301.0,-646.7,175.7
1690979262.0,297.5,-644.8,173.5
1690979277.0,297.8,-645.9,172.3
1690979292.0,297.3,-645.3,176.1
1690979307.0,298.4,-643.9,172.9
1690979322.0,297.7,-645.7,172.1
1690979337.0,299.5,-645.6,174.0
1690979352.0,298.2,-645.1,174.6
1690979367.0,300.1,-643.5,173.7
1690979382.0,297.3,-644.3,174.6
1690979397.0,297.0,-644.3,172.1
1690979412.0,300.9,-644.4,174.3
1690979427.0,300.7,-644.8,173.8
1690979442.0,299.2,-645.4,173.5
1690979457.0,297.8,-646.3,177.3
1690979472.0,299.2,-645.6,172.8
1690979487.0,298.9,-644.9,173.6
1690979502.0,297.6,-644.7,172.5
1690979517.0,297.4,-644.0,173.8
1690979532.0,296.3,-644.6,172.0
1690979547.0,297.3,-645.7,173.6
1690979562.0,298.6,-645.5,172.9
1690979577.0,299.1,-644.8,173.3
1690979592.0,298.6,-644.2,172.6
1690979607.0,299.3,-645.5,174.9
1690979622.0,298.6,-644.8,174.5
1690979637.0,297.5,-644.7,172.6
1690979652.0,300.0,-644.9,173.7
1690979667.0,301.3,-644.2,176.2
1690979682.0,301.7,-644.7,175.2
1690979697.0,299.1,-645.0,173.9
1690979712.0,300.6,-645.4,175.8
1690979727.0,300.7,-644.6,176.0
1690979742.0,298.0,-643.5,173.0
1690979757.0,299.9,-644.9,174.8
1690979772.0,298.1,-645.8,173.4
1690979787.0,297.9,-643.3,174.5
1690979802.0,299.8,-644.1,176.0
1690979817.0,300.6,-645.9,174.4
1690979832.0,300.6,-645.4,176.0
1690979847.0,299.3,-644.6,176.7
1690979862.0,297.1,-643.5,173.7
1690979877.0,295.9,-645.0,174.1
1690979892.0,296.2,-643.5,171.2
1690979907.0,297.1,-644.2,173.6
1690979922.0,299.4,-643.9,176.6
1690979937.0,300.6,-645.3,175.7
1690979952.0,300.3,-644.9,176.1
1690979967.0,301.4,-645.9,176.6
1690979982.0,296.9,-642.7,172.6
1690979997.0,298.9,-643.5,175.1
1690980012.0,297.3,-644.3,172.9
1690980027.0,299.1,-644.1,174.7
1690980042.0,298.1,-644.9,174.8
1690980057.0,297.8,-644.5,173.5
1690980072.0,298.0,-642.8,171.9
1690980087.0,300.0,-645.0,175.8
1690980102.0,300.8,-645.5,174.7
1690980117.0,298.3,-645.1,173.3
1690980132.0,300.4,-644.3,173.1
1690980147.0,296.9,-644.5,173.0
1690980162.0,297.7,-644.5,174.2
1690980177.0,299.5,-645.0,175.5
1690980192.0,298.2,-643.2,173.3
1690980207.0,300.9,-645.7,177.0
1690980222.0,300.9,-645.2,173.9
1690980237.0,298.7,-644.7,172.7
1690980252.0,299.7,-643.9,175.4
1690980267.0,297.0,-644.8,170.8
1690980282.0,298.2,-644.0,171.8
1690980297.0,298.5,-644.3,175.4
1690980312.0,295.0,-645.6,174.8
1690980327.0,299.7,-644.6,175.2
1690980342.0,298.2,-643.1,174.7
1690980357.0,298.0,-644.1,173.4
1690980372.0,301.0,-644.9,175.7
1690980387.0,299.4,-644.5,174.6
1690980402.0,300.2,-645.8,177.6
1690980417.0,300.7,-644.7,176.0
1690980432.0,297.0,-645.1,174.5
1690980447.0,299.2,-643.3,174.3
1690980462.0,296.2,-644.8,173.7
1690980477.0,299.4,-645.0,173.1
1690980492.0,298.1,-643.9,173.6
1690980507.0,299.1,-645.6,173.7
1690980522.0,300.6,-645.1,172.3
1690980537.0,299.2,-644.7,173.9
1690980552.0,296.5,-644.9,172.0
1690980567.0,297.4,-643.8,172.0
1690980582.0,296.5,-644.6,173.3
1690980597.0,299.4,-645.4,174.9
1690980612.0,297.8,-644.0,170.9
1690980627.0,297.8,-645.3,173.5
1690980642.0,298.0,-645.2,174.9
1690980657.0,299.7,-644.8,175.2
1690980672.0,301.1,-644.8,173.4
1690980687.0,299.4,-646.0,174.6
1690980702.0,296.9,-645.1,172.9
1690980717.0,297.6,-645.4,173.7
1690980732.0,299.3,-644.7,173.3
1690980747.0,299.2,-644.0,174.5
1690980762.0,299.0,-644.5,174.0
1690980777.0,298.6,-644.3,174.1
1690980792.0,298.9,-644.4,173.3
1690980807.0,299.2,-644.8,173.7
1690980822.0,297.7,-645.6,174.8
1690980837.0,297.9,-644.2,171.6
1690980852.0,295.9,-644.5,173.5
1690980867.0,295.1,-644.7,173.6
1690980882.0,297.0,-644.5,172.7
1690980897.0,298.7,-644.7,172.8
1690980912.0,299.3,-644.9,174.4
1690980927.0,296.0,-644.4,174.4
1690980942.0,298.8,-644.4,174.2
1690980957.0,298.0,-644.0,173.8
1690980972.0,298.4,-644.4,172.9
1690980987.0,300.5,-643.9,173.3
1690981002.0,298.9,-644.2,173.5
1690981017.0,298.6,-645.8,176.4
1690981032.0,297.8,-644.8,173.3
1690981047.0,298.1,-644.3,173.8
1690981062.0,299.9,-644.5,176.5
1690981077.0,297.5,-644.7,172.6
1690981092.0,296.1,-645.2,171.3
1690981107.0,299.0,-644.8,173.8
1690981122.0,297.1,-644.1,171.5
1690981137.0,298.8,-644.4,175.0
1690981152.0,299.1,-645.3,173.4
1690981167.0,298.0,-645.1,173.5
1690981182.0,297.3,-644.6,171.7
1690981197.0,299.2,-645.8,173.5
1690981212.0,300.4,-645.9,176.8
1690981242.0,297.5,-644.7,173.0
1690981257.0,297.9,-643.2,170.5
1690981272.0,298.1,-644.2,170.6
1690981287.0,298.2,-645.3,173.4
1690981302.0,297.5,-643.6,171.1
1690981317.0,297.6,-644.7,173.6
1690981332.0,297.0,-644.4,173.4
1690981347.0,299.0,-642.6,172.9
1690981362.0,299.0,-644.2,174.4
1690981377.0,297.5,-645.2,172.6
1690981392.0,296.3,-643.6,170.8
1690981407.0,299.7,-645.4,174.9
1690981422.0,299.2,-645.6,174.8
1690981437.0,299.2,-643.7,173.1
1690981452.0,298.9,-644.0,174.0
1690981467.0,298.6,-645.5,174.9
1690981482.0,298.5,-645.9,175.7
1690981497.0,297.9,-644.6,173.4
1690981512.0,299.5,-644.5,176.5
1690981527.0,300.0,-644.0,173.3
1690981542.0,297.4,-644.6,173.6
1690981557.0,295.9,-645.8,172.9
1690981572.0,299.7,-645.9,176.3
1690981587.0,290.0,-647.7,184.9
1690981602.0,298.8,-643.4,172.1
1690981617.0,298.8,-645.1,172.3
1690981632.0,296.5,-643.9,170.8
1690981647.0,297.6,-644.2,174.8
1690981662.0,299.4,-644.7,172.0
1690981677.0,300.4,-644.9,173.9
1690981692.0,300.1,-643.6,170.8
1690981707.0,299.0,-643.3,174.6
1690981722.0,298.2,-644.6,173.3
1690981737.0,295.7,-645.2,173.3
1690981752.0,299.6,-643.5,172.9
1690981767.0,298.9,-645.4,176.3
1690981782.0,298.6,-643.8,174.1
1690981797.0,302.9,-644.3,174.9
1690981812.0,301.3,-644.5,175.5
1690981827.0,300.6,-643.9,174.9
1690981842.0,300.1,-645.1,176.1
1690981857.0,301.7,-644.9,177.1
1690981872.0,300.4,-645.1,178.6
1690981887.0,298.6,-644.5,175.2
1690981902.0,300.5,-644.9,177.0
1690981917.0,302.4,-644.9,175.8
1690981932.0,302.6,-644.5,174.4
1690981947.0,302.8,-644.1,173.8
1690981962.0,299.5,-643.6,175.4
1690981977.0,303.9,-643.9,174.1
1690981992.0,300.1,-645.5,175.2
1690982007.0,301.9,-645.5,176.1
1690982022.0,300.9,-644.9,175.8
1690982037.0,301.4,-645.2,175.8
1690982052.0,300.0,-644.8,176.0
1690982067.0,300.3,-644.7,176.2
1690982082.0,303.0,-644.7,175.5
1690982097.0,301.0,-644.0,175.4
1690982112.0,301.7,-645.0,175.8
1690982127.0,301.5,-646.1,176.2
1690982142.0,302.2,-644.5,175.8
1690982157.0,301.0,-645.2,174.6
1690982172.0,302.1,-645.5,175.8
1690982187.0,300.7,-645.8,176.1
1690982202.0,302.1,-645.5,175.9
1690982217.0,302.9,-645.9,176.4
1690982232.0,303.4,-645.1,175.8
1690982247.0,301.7,-646.4,176.4
1690982262.0,302.3,-646.1,176.7
1690982277.0,300.4,-644.5,174.9
1690982292.0,299.0,-643.6,175.1
1690982307.0,299.9,-644.4,175.3
1690982322.0,301.3,-645.0,176.3
1690982337.0,301.3,-644.9,175.3
1690982352.0,301.9,-645.3,175.1
1690982367.0,300.6,-644.4,174.6
1690982382.0,300.8,-645.5,175.7
1690982397.0,298.6,-647.2,175.2
1690982412.0,301.1,-645.9,176.5
1690982427.0,301.5,-645.3,175.3
1690982442.0,301.3,-644.0,176.1
1690982457.0,298.0,-646.2,178.8
1690982472.0,299.1,-645.1,175.8
1690982487.0,301.9,-645.6,174.5
1690982502.0,297.3,-647.0,174.5
1690982517.0,297.0,-645.7,173.0
1690982532.0,302.0,-646.4,177.7
1690982547.0,301.2,-644.6,177.0
1690982562.0,301.4,-644.2,176.5
1690982577.0,299.9,-646.7,175.1
1690982592.0,301.6,-645.2,175.4
1690982607.0,299.6,-644.7,176.5
1690982622.0,302.6,-645.8,177.1
1690982637.0,302.2,-645.9,175.9
1690982652.0,301.4,-645.4,176.6
1690982667.0,301.5,-644.1,177.5
1690982682.0,298.2,-644.3,176.4
1690982697.0,299.8,-644.4,174.0
1690982712.0,301.4,-645.2,175.0
1690982727.0,300.8,-645.2,176.8
1690982742.0,301.8,-645.9,175.9
1690982757.0,301.3,-646.2,175.5
1690982772.0,299.0,-645.3,176.7
1690982787.0,299.2,-645.3,177.1
1690982802.0,302.5,-645.0,175.7
1690982817.0,302.5,-644.7,175.6
1690982832.0,302.3,-645.4,175.8
1690982847.0,301.7,-645.7,175.2
1690982862.0,301.2,-645.4,174.4
1690982877.0,302.3,-645.5,175.6
1690982892.0,302.2,-645.3,174.7
1690982907.0,302.5,-645.9,176.4
1690982922.0,302.3,-645.2,175.7
1690982937.0,301.2,-644.6,175.4
1690982952.0,301.3,-644.5,176.2
1690982967.0,299.8,-644.6,176.7
1690982982.0,302.5,-645.2,176.5
1690982997.0,301.9,-645.6,176.4
1690983012.0,300.6,-645.0,176.1
1690983027.0,300.3,-645.1,174.0
1690983042.0,303.0,-645.3,175.6
1690983072.0,301.3,-645.0,175.4
1690983087.0,301.0,-645.0,175.5
1690983102.0,301.5,-644.3,174.1
1690983117.0,301.2,-645.5,175.1
1690983132.0,301.0,-644.2,178.1
1690983147.0,301.1,-644.6,175.4
1690983162.0,302.9,-644.9,177.5
1690983177.0,301.7,-645.8,177.5
1690983192.0,302.2,-645.6,176.0
1690983207.0,301.9,-643.9,176.1
1690983222.0,301.0,-645.0,173.3
1690983237.0,299.0,-645.3,175.2
1690983252.0,301.5,-645.3,175.0
1690983267.0,300.1,-644.6,176.0
1690983282.0,297.7,-645.5,173.7
1690983297.0,301.4,-645.4,177.3
1690983312.0,300.2,-645.6,176.6
1690983327.0,301.3,-646.6,176.6
1690983342.0,300.5,-645.7,176.1
1690983357.0,300.7,-644.5,176.6
1690983372.0,300.5,-645.6,175.2
1690983387.0,301.5,-644.7,176.0
1690983402.0,299.4,-645.3,176.7
1690983417.0,302.1,-645.5,175.8
1690983432.0,302.4,-645.1,177.0
1690983447.0,302.0,-645.8,174.7
1690983462.0,302.0,-646.3,177.5
1690983477.0,302.8,-644.5,176.4
1690983492.0,301.9,-645.6,176.3
1690983507.0,299.6,-645.1,175.5
1690983522.0,301.8,-646.1,175.9
1690983537.0,300.1,-644.4,177.5
1690983552.0,299.1,-644.5,175.0
1690983567.0,300.2,-645.4,176.3
1690983582.0,300.7,-645.5,176.0
1690983597.0,300.7,-645.3,176.7
1690983612.0,299.3,-643.5,176.1
1690983627.0,300.0,-645.6,173.9
1690983642.0,301.4,-645.2,175.0
1690983657.0,300.0,-644.9,175.2
1690983672.0,301.2,-643.3,175.0
1690983687.0,301.7,-646.3,176.2
1690983702.0,300.2,-644.6,173.5
1690983717.0,302.0,-645.0,175.6
1690983732.0,301.7,-645.6,176.3
1690983747.0,301.5,-644.9,175.1
1690983762.0,301.4,-645.0,176.3
1690983777.0,300.9,-645.9,174.6
1690983792.0,299.8,-644.7,175.0
1690983807.0,302.3,-645.5,178.0
1690983822.0,302.1,-645.8,176.2
1690983837.0,301.6,-644.6,177.2
1690983852.0,302.6,-645.2,177.6
1690983867.0,301.5,-644.7,176.7
1690983882.0,301.7,-645.4,175.2
1690983897.0,301.9,-645.1,175.7
1690983912.0,301.5,-645.4,176.1
1690983927.0,302.1,-645.7,176.9
1690983942.0,301.1,-645.4,174.5
1690983957.0,298.8,-646.5,177.8
1690983972.0,301.7,-645.9,176.0
1690983987.0,300.6,-643.7,175.9
1690984002.0,299.9,-644.5,175.2
1690984017.0,299.7,-644.4,177.0
1690984032.0,300.7,-645.1,175.8
1690984047.0,301.0,-646.3,175.2
1690984062.0,300.7,-645.9,175.7
1690984077.0,301.5,-645.4,175.2
1690984092.0,300.0,-645.7,174.5
1690984107.0,300.2,-643.6,174.9
1690984122.0,300.2,-643.9,176.9
1690984137.0,301.4,-644.7,177.1
1690984152.0,298.3,-646.3,174.6
1690984167.0,301.7,-645.6,176.1
1690984182.0,301.3,-646.1,176.5
1690984197.0,300.8,-645.1,175.7
1690984212.0,300.5,-644.6,174.6
1690984227.0,302.3,-644.5,175.6
1690984242.0,302.0,-645.5,175.9
1690984257.0,301.4,-644.1,176.2
1690984272.0,302.3,-645.7,176.9
1690984287.0,299.0,-645.0,173.2
1690984302.0,300.6,-644.1,175.4
1690984317.0,302.1,-644.5,175.6
1690984332.0,302.3,-646.1,176.7
1690984347.0,302.0,-645.2,176.5
1690984362.0,300.2,-645.2,175.4
1690984377.0,299.9,-646.4,176.7
1690984392.0,299.6,-644.9,175.3
1690984407.0,298.7,-644.6,172.8
1690984422.0,298.0,-644.9,174.1
1690984437.0,300.2,-644.4,174.0
1690984452.0,299.6,-645.0,174.8
1690984467.0,301.0,-644.6,175.2
1690984482.0,300.0,-643.8,175.0
1690984497.0,298.2,-644.7,175.5
1690984512.0,298.6,-645.1,176.3
1690984527.0,300.9,-644.8,175.4
1690984542.0,298.9,-644.2,174.7
1690984557.0,299.8,-645.8,175.1
1690984572.0,300.4,-644.8,175.1
1690984587.0,300.3,-644.9,173.4
1690984602.0,301.6,-644.5,175.1
1690984617.0,299.4,-645.5,177.9
1690984632.0,302.1,-645.7,176.8
1690984647.0,301.4,-644.6,178.3
1690984662.0,300.8,-643.3,177.1
1690984677.0,299.8,-645.9,175.5
1690984692.0,299.4,-644.9,176.3
1690984707.0,299.9,-646.2,174.2
1690984722.0,300.8,-645.7,176.7
1690984737.0,302.0,-645.8,174.6
1690984752.0,302.1,-646.3,175.7
1690984767.0,301.6,-645.5,175.3
1690984782.0,300.4,-644.0,177.0
1690984797.0,302.1,-645.6,177.0
1690984812.0,300.9,-645.6,176.0
1690984827.0,300.9,-645.3,176.8
1690984842.0,301.7,-644.4,176.5
1690984857.0,300.6,-645.5,175.1
1690984872.0,300.2,-646.6,176.4
1690984887.0,300.6,-646.1,175.7
1690984902.0,299.7,-645.0,177.7
1690984917.0,299.8,-646.6,174.5
1690984932.0,300.4,-643.9,175.6
1690984947.0,299.4,-646.8,176.8
1690984962.0,301.7,-643.9,175.1
1690984977.0,301.3,-645.5,174.1
1690984992.0,299.5,-645.3,176.1
1690985007.0,301.7,-646.0,175.2
1690985022.0,300.8,-646.9,175.7
1690985037.0,298.8,-644.0,176.1
1690985052.0,298.3,-644.3,175.3
1690985067.0,299.1,-644.3,174.2
1690985082.0,301.3,-644.5,176.2
1690985097.0,299.4,-644.7,174.5
1690985112.0,300.4,-645.9,175.8
1690985127.0,298.3,-645.0,173.1
1690985142.0,300.1,-642.7,175.0
1690985157.0,300.4,-644.8,173.2
1690985172.0,301.2,-645.0,175.5
1690985187.0,300.0,-643.2,175.3
1690985202.0,299.7,-645.2,177.7
1690985217.0,300.6,-645.4,176.1
1690985232.0,301.4,-644.4,175.3
1690985247.0,299.8,-644.9,173.9
1690985262.0,301.3,-645.2,175.5
1690985277.0,301.1,-644.8,175.5
1690985292.0,301.4,-646.7,175.0
1690985307.0,298.5,-644.4,174.2
1690985322.0,299.5,-643.7,174.6
1690985337.0,298.9,-644.7,173.8
1690985352.0,297.1,-644.1,172.0
1690985367.0,298.4,-643.8,172.7
1690985382.0,299.8,-643.5,173.8
1690985397.0,298.6,-643.4,174.6
1690985412.0,297.4,-644.1,173.8
1690985427.0,298.4,-645.0,171.8
1690985442.0,299.6,-645.3,173.1
1690985457.0,299.7,-644.4,173.2
1690985472.0,297.7,-643.8,172.0
1690985487.0,297.5,-643.6,174.5
1690985502.0,300.0,-646.2,175.2
1690985517.0,299.1,-645.3,174.6
1690985532.0,299.8,-643.4,175.8
1690985547.0,300.0,-645.4,174.1
1690985562.0,300.5,-645.7,174.4
1690985577.0,301.4,-646.0,175.7
1690985592.0,298.4,-645.0,175.2
1690985607.0,300.2,-644.9,176.9
1690985622.0,298.9,-646.5,175.4
1690985637.0,300.7,-644.4,175.1
1690985652.0,301.9,-645.3,175.1
1690985667.0,301.2,-644.1,176.6
1690985682.0,301.0,-646.3,175.8
1690985697.0,301.1,-645.7,176.4
1690985712.0,299.8,-644.7,176.5
1690985727.0,301.4,-646.3,176.0
1690985742.0,299.7,-644.7,174.2
1690985757.0,302.0,-646.3,175.9
1690985772.0,301.4,-645.1,175.5
1690985787.0,299.8,-645.7,174.2
1690985802.0,298.8,-644.3,175.0
1690985817.0,302.4,-646.2,175.9
1690985832.0,301.2,-645.0,175.5
1690985847.0,301.1,-645.3,174.6
1690985862.0,301.8,-644.9,176.0
1690985877.0,298.8,-645.1,176.1
1690985892.0,300.4,-644.4,175.8
1690985907.0,301.5,-645.3,175.5
1690985922.0,301.3,-643.4,175.3
1690985937.0,300.9,-644.4,176.2
1690985952.0,301.5,-645.3,175.8
1690985967.0,301.3,-644.4,176.3
1690985982.0,300.2,-645.0,175.4
1690985997.0,301.1,-644.7,176.2
1690986012.0,298.6,-645.3,173.0
1690986027.0,300.7,-646.4,174.7
1690986042.0,299.7,-644.5,175.0
1690986057.0,298.4,-645.6,175.6
1690986072.0,298.4,-644.4,176.1
1690986087.0,299.7,-643.2,176.4
1690986102.0,300.0,-646.1,176.8
1690986117.0,300.1,-644.6,175.3
1690986132.0,300.2,-644.8,175.2
1690986147.0,301.5,-645.6,176.3
1690986162.0,300.5,-644.1,177.2
1690986177.0,302.5,-646.1,175.8
1690986192.0,301.7,-645.4,175.2
1690986207.0,302.3,-645.9,175.9
1690986222.0,299.4,-644.7,174.7
1690986237.0,301.1,-645.0,176.6
1690986252.0,297.2,-643.4,172.8
1690986267.0,301.0,-644.7,176.1
1690986282.0,300.7,-644.5,175.9
1690986297.0,301.4,-645.9,176.1
1690986312.0,298.7,-644.8,175.3
1690986327.0,301.2,-644.1,176.2
1690986342.0,302.5,-645.8,175.2
1690986357.0,301.3,-645.0,175.5
1690986372.0,301.8,-645.1,175.9
1690986387.0,298.1,-643.0,175.7
1690986402.0,302.3,-646.0,176.6
1690986417.0,301.6,-645.4,177.6
1690986432.0,303.1,-644.8,175.3
1690986447.0,300.9,-645.3,176.8
1690986462.0,303.5,-645.8,176.7
1690986477.0,299.8,-643.9,176.6
1690986492.0,302.3,-646.0,176.0
1690986507.0,300.2,-642.9,176.9
1690986522.0,299.7,-646.7,177.6
1690986537.0,301.2,-644.4,175.5
1690986552.0,301.7,-644.8,176.3
1690986567.0,301.6,-645.1,174.0
1690986582.0,301.5,-644.5,176.0
1690986597.0,295.9,-644.1,175.9
1690986612.0,299.7,-644.9,175.3
1690986627.0,300.1,-644.5,176.0
1690986642.0,300.2,-645.1,174.7
1690986657.0,300.3,-644.8,175.6
1690986672.0,300.5,-645.1,175.8
1690986687.0,301.0,-645.1,176.7
1690986717.0,301.2,-645.8,176.5
1690986732.0,299.2,-643.6,174.4
1690986747.0,300.5,-645.6,174.4
1690986762.0,300.4,-645.5,174.7
1690986777.0,300.8,-645.3,174.6
1690986792.0,301.9,-645.2,175.7
1690986807.0,301.3,-645.7,174.6
1690986822.0,300.8,-645.3,175.9
1690986837.0,302.6,-646.1,176.4
1690986852.0,300.2,-645.0,175.3
1690986867.0,301.4,-646.2,176.3
1690986882.0,300.3,-644.5,175.9
1690986897.0,301.4,-645.4,176.4
1690986912.0,301.9,-644.5,176.2
1690986927.0,299.6,-644.3,175.6
1690986942.0,299.0,-645.7,174.9
1690986957.0,300.2,-644.9,176.1
1690986972.0,300.2,-646.0,175.2
1690986987.0,300.4,-644.5,177.0
1690987002.0,300.4,-645.3,174.6
1690987017.0,299.7,-645.6,175.7
1690987032.0,300.6,-645.0,175.8
1690987047.0,302.0,-645.3,174.6
1690987062.0,300.6,-646.5,176.1
1690987077.0,300.3,-646.0,175.1
1690987092.0,300.5,-645.1,175.0
1690987107.0,300.5,-645.7,175.9
1690987122.0,301.1,-644.4,175.8
1690987137.0,301.2,-644.1,177.4
1690987152.0,301.0,-644.9,175.6
1690987167.0,300.9,-645.2,175.8
1690987182.0,300.1,-645.7,175.2
1690987197.0,300.6,-645.9,173.4
1690987212.0,300.5,-645.0,175.7
1690987227.0,299.7,-645.0,175.6
1690987242.0,299.5,-644.3,175.6
1690987257.0,301.4,-645.0,175.0
1690987272.0,299.1,-644.7,175.7
1690987287.0,301.2,-646.1,175.6
1690987302.0,301.4,-645.4,176.0
1690987317.0,301.1,-645.6,174.6
1690987332.0,301.5,-646.2,175.1
1690987347.0,301.4,-646.0,176.1
1690987362.0,300.4,-645.3,173.9
1690987377.0,300.8,-644.5,175.2
1690987392.0,299.7,-645.2,175.3
1690987407.0,300.9,-644.8,175.5
1690987422.0,300.4,-645.7,175.0
1690987437.0,299.5,-644.9,174.3
1690987452.0,299.1,-644.9,173.2
1690987467.0,299.4,-644.7,174.2
1690987482.0,300.5,-644.7,174.5
1690987497.0,302.0,-645.1,176.5
1690987512.0,300.2,-645.1,175.0
1690987527.0,301.4,-645.5,176.4
1690987542.0,301.8,-645.9,175.3
1690987557.0,301.7,-645.3,175.8
1690987572.0,299.9,-644.6,174.3
1690987587.0,300.0,-645.4,176.0
1690987602.0,299.5,-645.1,174.3
1690987617.0,299.9,-645.8,175.0
1690987632.0,299.5,-646.4,175.3
1690987647.0,300.2,-644.3,174.8
1690987662.0,300.6,-645.9,175.6
1690987677.0,299.4,-645.3,174.5
1690987692.0,298.7,-645.6,174.0
1690987707.0,301.1,-646.3,177.1
1690987722.0,300.2,-645.2,174.9
1690987737.0,300.5,-644.8,175.3
1690987752.0,300.7,-645.3,175.4
1690987767.0,299.6,-646.0,175.7
1690987782.0,301.3,-645.5,176.4
1690987797.0,300.4,-645.9,175.0
1690987812.0,299.3,-644.5,174.6
1690987827.0,301.5,-645.7,175.2
1690987842.0,299.9,-644.8,175.4
1690987857.0,300.4,-644.9,175.8
1690987872.0,299.8,-645.1,176.4
1690987887.0,300.4,-645.9,175.3
1690987902.0,299.6,-646.0,175.7
1690987917.0,299.1,-644.6,174.9
1690987932.0,299.6,-645.2,174.4
1690987947.0,300.3,-644.3,176.2
1690987962.0,299.9,-644.6,174.1
1690987977.0,299.4,-645.9,174.4
1690987992.0,300.6,-645.2,175.8
1690988007.0,300.0,-645.8,175.3
1690988022.0,299.6,-645.1,174.1
1690988037.0,299.8,-645.7,174.9
1690988052.0,299.5,-645.6,174.4
1690988067.0,300.0,-645.3,175.1
1690988082.0,299.5,-644.9,174.5
1690988097.0,300.9,-645.5,176.4
1690988112.0,300.4,-645.4,174.9
1690988127.0,301.3,-644.6,173.9
1690988142.0,300.1,-646.8,175.1
1690988157.0,298.8,-644.8,174.8
1690988172.0,300.0,-644.0,174.8
1690988187.0,299.5,-644.8,174.5
1690988202.0,301.0,-644.7,174.9
1690988217.0,301.0,-644.9,174.7
1690988232.0,300.7,-645.8,175.6
1690988247.0,300.5,-644.7,174.9
1690988262.0,299.4,-645.1,175.4
1690988277.0,300.4,-643.8,174.8
1690988292.0,299.4,-645.6,174.5
1690988307.0,298.4,-646.2,178.0
1690988322.0,299.7,-645.2,173.9
1690988337.0,301.0,-645.3,173.9
1690988352.0,300.0,-644.9,175.1
1690988367.0,300.8,-645.4,175.3
1690988382.0,298.8,-644.8,174.0
1690988397.0,299.2,-644.0,175.4
1690988412.0,299.7,-645.3,175.6
1690988427.0,300.0,-644.9,175.2
1690988442.0,299.9,-644.6,174.2
1690988457.0,299.8,-644.8,175.3
1690988472.0,299.9,-645.2,175.4
1690988487.0,300.7,-645.2,174.6
1690988502.0,299.3,-644.7,174.7
1690988517.0,299.8,-645.7,175.1
1690988532.0,300.5,-644.8,175.4
1690988547.0,299.8,-645.1,175.2
1690988562.0,299.1,-644.4,175.6
1690988577.0,299.8,-645.5,175.8
1690988592.0,300.9,-645.9,175.8
1690988607.0,302.0,-646.2,175.4
1690988622.0,299.9,-645.8,175.5
1690988637.0,300.6,-645.6,176.9
1690988652.0,299.4,-645.6,174.6
1690988667.0,299.8,-645.6,174.0
1690988682.0,299.5,-645.7,174.3
1690988697.0,300.1,-646.3,175.1
1690988712.0,298.2,-644.8,174.6
1690988727.0,299.7,-644.7,174.7
1690988742.0,300.4,-645.9,175.5
1690988757.0,301.0,-646.7,175.3
1690988772.0,298.7,-643.9,174.9
1690988787.0,299.7,-644.8,175.3
1690988802.0,299.2,-645.7,174.9
1690988817.0,298.2,-645.4,175.4
1690988832.0,298.9,-644.4,175.0
1690988847.0,300.1,-645.0,173.9
1690988862.0,301.5,-645.5,175.8
1690988877.0,299.2,-644.7,175.7
1690988892.0,300.2,-645.2,174.5
1690988907.0,300.2,-645.1,175.0
1690988922.0,300.6,-644.8,176.5
1690988937.0,299.5,-645.6,174.2
1690988952.0,301.7,-646.0,176.4
1690988967.0,301.9,-645.3,176.8
1690988982.0,300.2,-645.0,174.0
1690988997.0,300.2,-644.2,174.6
1690989012.0,300.7,-646.3,175.8
1690989027.0,300.1,-645.8,175.3
1690989042.0,300.5,-644.9,174.9
1690989057.0,300.1,-645.0,176.3
1690989072.0,300.0,-645.1,175.5
1690989087.0,300.1,-644.0,174.7
1690989102.0,299.4,-644.9,174.5
1690989117.0,299.2,-644.5,174.6
1690989132.0,298.2,-644.8,174.0
1690989147.0,301.2,-644.3,176.7
1690989162.0,298.7,-645.6,173.9
1690989177.0,299.9,-645.8,175.0
1690989192.0,299.8,-645.7,176.5
1690989207.0,300.4,-645.7,174.8
1690989222.0,301.8,-644.9,175.7
1690989237.0,301.1,-646.4,175.8
1690989252.0,300.8,-645.4,175.7
1690989267.0,300.6,-644.5,176.7
1690989282.0,302.3,-646.0,176.6
1690989297.0,299.8,-646.2,174.6
1690989312.0,301.5,-644.6,176.0
1690989327.0,300.7,-645.5,175.7
1690989342.0,301.6,-645.9,175.9
1690989357.0,301.3,-643.9,175.4
1690989372.0,301.3,-645.7,175.1
1690989387.0,301.3,-644.1,176.1
1690989402.0,300.4,-645.6,176.2
1690989417.0,301.6,-645.9,175.9
1690989432.0,301.0,-646.1,174.1
1690989447.0,301.3,-645.8,175.0
1690989462.0,301.5,-645.4,176.3
1690989477.0,298.5,-646.1,176.5
1690989492.0,301.9,-646.0,175.8
1690989507.0,300.8,-644.8,174.5
1690989522.0,300.1,-644.8,175.0
1690989537.0,300.8,-645.9,176.7
1690989552.0,300.8,-646.2,176.9
1690989567.0,300.5,-645.6,175.8
1690989582.0,300.7,-645.3,175.6
1690989597.0,301.6,-645.7,175.9
1690989612.0,300.7,-644.8,175.9
1690989627.0,300.7,-645.0,175.9
1690989642.0,302.1,-645.3,175.3
1690989657.0,301.5,-645.7,175.2
1690989672.0,300.8,-645.7,174.6
1690989687.0,299.5,-645.1,175.7
1690989702.0,301.0,-644.8,175.4
1690989717.0,300.5,-645.3,175.1
1690989732.0,298.2,-645.0,173.4
1690989747.0,298.8,-645.1,174.3
1690989762.0,299.1,-644.7,174.2
1690989777.0,300.1,-643.7,176.1
1690989792.0,300.1,-644.7,174.5
1690989807.0,300.1,-644.7,174.9
1690989822.0,300.1,-645.1,174.8
1690989837.0,300.0,-644.8,174.9
1690989852.0,301.6,-644.8,175.6
1690989867.0,301.6,-645.4,175.8
1690989882.0,299.4,-644.3,176.3
1690989897.0,301.1,-644.9,175.3
1690989912.0,301.3,-645.1,176.2
1690989927.0,300.1,-644.7,175.2
1690989942.0,296.5,-643.9,173.1
1690989957.0,299.2,-643.3,175.1
1690989972.0,300.4,-643.9,174.6
1690989987.0,301.3,-644.1,174.6
1690990002.0,301.7,-644.2,175.4
1690990017.0,299.5,-643.8,174.6
1690990032.0,302.1,-653.6,177.1
1690990047.0,301.2,-644.7,175.3
1690990062.0,300.3,-644.8,177.1
1690990077.0,299.7,-644.2,173.7
1690990092.0,300.0,-644.0,176.0
1690990107.0,299.6,-645.4,175.6
1690990122.0,297.3,-644.1,172.1
1690990137.0,300.7,-645.3,175.7
1690990152.0,298.1,-645.3,176.8
1690990167.0,299.7,-643.8,175.0
1690990182.0,300.7,-644.5,175.5
1690990197.0,299.5,-644.0,174.5
1690990212.0,300.0,-643.2,173.7
1690990227.0,299.9,-644.0,175.7
1690990242.0,300.5,-644.3,177.1
1690990257.0,300.7,-644.3,175.8
1690990272.0,300.6,-644.2,176.8
1690990287.0,298.6,-643.6,173.8
1690990302.0,298.9,-643.9,175.7
1690990317.0,300.9,-644.0,176.4
1690990332.0,300.0,-644.6,175.8
1690990362.0,300.6,-644.5,176.4
1690990377.0,299.2,-642.9,175.7
1690990392.0,298.9,-644.2,175.0
1690990407.0,298.9,-644.2,175.0
1690990422.0,299.7,-644.2,176.3
1690990437.0,299.4,-644.9,174.7
1690990452.0,298.5,-644.5,174.8
1690990467.0,300.2,-644.3,174.0
1690990482.0,300.8,-645.6,174.1
1690990497.0,300.6,-644.0,175.7
1690990512.0,301.5,-645.3,175.1
1690990527.0,300.8,-644.7,174.1
1690990542.0,298.9,-644.9,174.7
1690990557.0,299.0,-644.6,174.5
1690990572.0,301.8,-644.9,175.8
1690990587.0,299.6,-645.0,174.6
1690990602.0,299.8,-644.0,176.1
1690990617.0,302.8,-645.3,175.1
1690990632.0,299.9,-644.0,176.3
1690990647.0,299.6,-644.3,175.6
1690990662.0,302.1,-645.7,175.9
1690990677.0,300.6,-645.6,175.8
1690990692.0,300.3,-644.3,174.9
1690990707.0,299.1,-645.4,174.7
1690990722.0,300.6,-645.2,176.6
1690990737.0,301.6,-645.5,175.1
1690990752.0,299.5,-644.6,175.6
1690990767.0,300.6,-645.1,175.5
1690990782.0,300.8,-645.3,175.2
1690990797.0,299.0,-645.9,177.3
1690990812.0,298.9,-645.7,176.6
1690990827.0,300.7,-644.1,175.5
1690990842.0,299.6,-645.2,174.1
1690990857.0,300.5,-644.8,174.4
1690990872.0,299.8,-645.4,175.2
1690990887.0,299.6,-645.3,175.4
1690990902.0,301.5,-645.4,175.1
1690990917.0,299.7,-644.8,174.3
1690990932.0,299.8,-645.0,175.3
1690990947.0,301.7,-643.9,175.6
1690990962.0,301.0,-644.6,175.6
1690990977.0,299.4,-645.8,174.6
1690990992.0,299.6,-645.1,175.3
1690991007.0,298.9,-644.2,173.5
1690991022.0,299.6,-644.9,173.7
1690991037.0,300.0,-644.2,174.8
1690991052.0,301.8,-645.8,175.8
1690991067.0,300.5,-645.4,177.2
1690991082.0,300.5,-644.9,174.9
1690991097.0,300.8,-644.1,175.2
1690991112.0,299.3,-644.9,175.4
1690991127.0,299.2,-644.7,175.6
1690991142.0,300.2,-644.8,175.7
1690991157.0,300.7,-644.8,174.5
1690991172.0,298.9,-644.2,174.6
1690991187.0,298.9,-644.3,175.4
1690991202.0,302.1,-645.5,175.7
1690991217.0,300.9,-646.0,175.7
1690991232.0,301.2,-645.0,175.5
1690991247.0,299.7,-645.2,174.1
1690991262.0,299.9,-645.0,175.2
1690991277.0,299.2,-644.8,174.9
1690991292.0,300.5,-644.0,174.6
1690991307.0,298.7,-645.6,175.0
1690991322.0,300.3,-643.4,176.0
1690991337.0,302.1,-645.6,175.7
1690991352.0,298.0,-645.2,174.6
1690991367.0,300.4,-644.9,175.6
1690991382.0,300.3,-645.0,175.9
1690991397.0,300.0,-645.6,176.4
1690991412.0,301.2,-645.3,176.6
1690991427.0,302.0,-645.7,174.6
1690991442.0,300.9,-643.8,176.5
1690991457.0,301.2,-645.5,175.1
1690991472.0,301.0,-645.3,175.3
1690991487.0,300.7,-644.8,174.6
1690991502.0,302.1,-645.2,174.5
1690991517.0,312.6,-671.8,179.5
1690991532.0,301.8,-645.2,173.4
1690991547.0,301.1,-645.5,175.1
1690991562.0,300.7,-644.7,174.2
1690991577.0,300.7,-645.7,174.2
1690991592.0,301.8,-644.7,174.5
1690991607.0,300.3,-644.1,173.7
1690991622.0,302.4,-645.1,173.8
1690991637.0,300.8,-644.5,173.2
1690991652.0,301.5,-644.9,172.5
1690991667.0,300.5,-646.0,173.0
1690991682.0,301.2,-644.6,173.8
1690991697.0,301.2,-645.9,172.7
1690991712.0,300.1,-645.3,172.6
1690991727.0,300.4,-645.5,173.2
1690991742.0,300.1,-645.0,174.5
1690991757.0,300.6,-645.7,174.0
1690991772.0,300.7,-645.8,173.8
1690991787.0,301.8,-645.5,172.6
1690991802.0,300.4,-646.0,173.4
1690991817.0,301.4,-645.9,172.7
1690991832.0,300.6,-646.5,173.5
1690991847.0,301.0,-647.5,173.3
1690991862.0,300.8,-647.4,172.0
1690991877.0,302.1,-645.8,171.7
1690991892.0,302.4,-647.3,171.8
1690991907.0,300.7,-647.3,172.0
1690991922.0,301.0,-647.9,172.6
1690991937.0,302.1,-647.8,172.1
1690991952.0,302.6,-647.8,172.7
1690991967.0,300.6,-648.3,172.3
1690991982.0,302.7,-647.8,172.7
1690991997.0,300.7,-648.4,172.1
1690992012.0,301.3,-648.7,172.0
1690992027.0,301.8,-649.4,172.9
1690992042.0,299.3,-648.9,170.4
1690992057.0,299.7,-649.1,171.3
1690992072.0,299.7,-647.8,171.4
1690992087.0,301.9,-647.1,170.7
1690992102.0,300.9,-648.1,170.7
1690992117.0,300.7,-648.0,174.7
1690992132.0,301.1,-648.2,172.8
1690992147.0,301.2,-648.2,171.5
1690992162.0,300.5,-647.2,171.1
1690992177.0,301.0,-648.7,171.3
1690992192.0,300.6,-647.9,169.7
1690992207.0,300.1,-647.9,170.0
1690992222.0,301.4,-647.7,171.2
1690992237.0,301.9,-648.1,170.7
1690992252.0,300.6,-647.5,169.4
1690992267.0,299.5,-648.5,172.4
1690992282.0,300.2,-648.9,172.1
1690992297.0,301.6,-647.8,171.4
1690992312.0,301.1,-647.7,171.5
1690992327.0,300.9,-648.4,170.4
1690992342.0,301.5,-648.7,172.0
1690992357.0,300.3,-647.2,170.6
1690992372.0,300.8,-648.3,170.1
1690992387.0,301.3,-648.1,170.1
1690992402.0,300.8,-647.5,172.4
1690992417.0,301.9,-647.3,171.4
1690992432.0,301.3,-647.8,171.3
1690992447.0,299.7,-648.4,171.4
1690992462.0,301.4,-648.7,171.4
1690992477.0,302.4,-649.1,172.6
1690992492.0,301.0,-648.7,170.9
1690992507.0,302.7,-647.4,171.3
1690992522.0,300.1,-649.1,172.1
1690992537.0,300.6,-649.0,172.5
1690992552.0,301.2,-649.1,171.5
1690992567.0,300.6,-647.9,170.8
1690992582.0,301.9,-648.0,170.1
1690992597.0,300.8,-648.1,170.7
1690992612.0,301.7,-648.0,170.1
1690992627.0,301.8,-649.0,170.6
1690992642.0,299.2,-647.3,171.9
1690992657.0,300.5,-648.2,170.7
1690992672.0,302.0,-648.3,170.6
1690992687.0,301.2,-648.7,170.7
1690992702.0,299.2,-648.4,170.5
1690992717.0,301.1,-647.6,171.2
1690992732.0,299.6,-647.9,168.9
1690992747.0,300.7,-649.2,170.4
1690992762.0,301.3,-647.9,171.7
1690992777.0,301.3,-648.1,170.3
1690992792.0,301.1,-648.0,171.8
1690992807.0,300.9,-648.3,170.4
1690992822.0,300.5,-648.0,170.9
1690992837.0,301.2,-648.1,170.1
1690992852.0,301.5,-648.5,171.2
1690992867.0,301.5,-648.2,172.0
1690992882.0,299.7,-646.3,168.6
1690992897.0,301.0,-648.6,170.8
1690992912.0,301.7,-648.1,170.6
1690992927.0,299.8,-647.6,169.8
1690992942.0,299.7,-646.7,168.8
1690992957.0,300.0,-647.8,169.6
1690992972.0,300.4,-647.1,170.7
1690992987.0,300.1,-647.7,171.2
1690993002.0,302.3,-646.9,170.3
1690993017.0,300.4,-646.9,169.9
1690993032.0,301.1,-648.3,171.1
1690993047.0,299.2,-646.7,168.5
1690993062.0,300.6,-647.6,169.9
1690993077.0,300.1,-648.1,168.9
1690993092.0,301.0,-648.6,170.0
1690993107.0,301.0,-648.2,168.2
1690993122.0,302.2,-648.5,170.3
1690993137.0,302.8,-647.9,168.7
1690993152.0,300.4,-646.4,169.3
1690993167.0,301.0,-647.2,169.5
1690993182.0,301.8,-648.2,170.3
1690993197.0,302.8,-647.0,170.8
1690993212.0,302.4,-648.3,169.6
1690993227.0,302.4,-648.5,170.0
1690993242.0,302.9,-648.5,170.7
1690993257.0,301.7,-648.0,171.8
1690993272.0,301.2,-649.8,171.4
1690993287.0,300.3,-648.9,171.1
1690993302.0,301.5,-648.8,171.9
1690993317.0,301.2,-648.3,172.3
1690993332.0,301.2,-649.0,172.2
1690993347.0,300.7,-649.2,171.0
1690993362.0,298.9,-646.7,167.0
1690993377.0,300.2,-647.8,171.1
1690993392.0,299.6,-647.0,171.6
1690993407.0,300.6,-648.1,170.7
1690993422.0,299.7,-647.2,171.5
1690993437.0,301.0,-649.0,172.5
1690993452.0,301.2,-646.9,170.2
1690993467.0,300.2,-648.4,170.2
1690993482.0,300.2,-647.5,170.1
1690993497.0,299.9,-648.0,170.9
1690993512.0,301.8,-648.3,172.0
1690993527.0,300.3,-647.5,170.2
1690993542.0,299.1,-646.2,171.7
1690993557.0,299.6,-646.9,173.0
1690993572.0,299.3,-646.7,172.7
1690993587.0,301.0,-647.9,172.8
1690993602.0,301.7,-648.0,173.7
1690993617.0,299.5,-647.3,172.9
1690993632.0,299.8,-646.0,173.3
1690993647.0,301.6,-648.5,172.7
1690993662.0,301.1,-648.3,173.4
1690993677.0,300.3,-647.8,173.8
1690993692.0,300.7,-646.4,174.1
1690993707.0,300.2,-646.9,172.4
1690993722.0,300.9,-646.9,172.6
1690993737.0,299.8,-646.4,172.8
1690993752.0,301.9,-646.6,173.2
1690993767.0,300.1,-646.2,171.4
1690993782.0,300.0,-646.8,173.9
1690993797.0,302.2,-647.5,175.3
1690993812.0,301.5,-646.4,175.2
1690993827.0,300.2,-646.7,173.9
1690993842.0,298.6,-646.1,173.8
1690993857.0,300.5,-646.1,172.1
1690993872.0,299.6,-645.8,173.2
1690993887.0,299.7,-645.9,172.7
1690993902.0,302.0,-646.6,174.3
1690993917.0,302.3,-645.7,175.2
1690993932.0,301.5,-645.7,173.9
1690993947.0,303.8,-646.1,176.4
1690993962.0,302.9,-646.1,174.1
1690993977.0,301.2,-645.9,172.7
1690994007.0,299.4,-644.7,173.8
1690994022.0,300.5,-644.6,173.9
1690994037.0,300.4,-644.4,173.3
1690994052.0,299.4,-644.6,173.9
1690994067.0,302.1,-645.0,173.1
1690994082.0,299.8,-645.4,171.8
1690994097.0,301.0,-645.3,173.1
1690994112.0,302.7,-644.9,174.9
1690994127.0,301.3,-645.1,173.4
1690994142.0,301.6,-646.0,173.7
1690994157.0,301.3,-646.2,174.3
1690994172.0,301.8,-646.6,173.4
1690994187.0,302.4,-646.7,174.9
1690994202.0,302.4,-645.1,174.0
1690994217.0,300.2,-645.5,172.1
1690994232.0,302.3,-645.3,173.2
1690994247.0,303.2,-646.9,174.6
1690994262.0,301.8,-646.2,174.0
1690994277.0,302.5,-646.5,172.9
1690994292.0,302.1,-647.5,173.2
1690994307.0,301.3,-646.2,172.8
1690994322.0,301.8,-645.2,175.5
1690994337.0,301.6,-645.4,175.1
1690994352.0,302.1,-646.5,174.7
1690994367.0,301.4,-645.5,175.4
1690994382.0,301.7,-647.5,174.8
1690994397.0,301.9,-647.5,173.5
1690994412.0,301.9,-648.4,173.4
1690994427.0,301.8,-647.9,172.2
1690994442.0,300.4,-647.8,173.6
1690994457.0,301.6,-648.5,172.4
1690994472.0,303.7,-648.8,172.3
1690994487.0,302.4,-649.0,173.3
1690994502.0,302.4,-648.3,173.0
1690994517.0,301.9,-648.2,171.1
1690994532.0,299.6,-648.2,169.0
1690994547.0,300.7,-647.7,171.5
1690994562.0,300.8,-648.5,171.4
1690994577.0,299.6,-647.3,170.3
1690994592.0,300.7,-647.8,169.7
1690994607.0,301.2,-648.1,171.3
1690994622.0,298.8,-648.2,172.1
1690994637.0,300.7,-647.7,170.4
1690994652.0,299.1,-648.6,170.1
1690994667.0,299.5,-648.6,170.1
1690994682.0,301.4,-648.5,170.1
1690994697.0,299.8,-648.6,170.2
1690994712.0,300.2,-649.0,172.2
1690994727.0,300.9,-648.6,169.6
1690994742.0,299.4,-648.1,169.6
1690994757.0,299.9,-648.1,170.0
1690994772.0,300.4,-648.0,169.5
1690994787.0,299.8,-648.1,169.9
1690994802.0,302.6,-648.1,170.0
1690994817.0,301.2,-648.3,168.9
1690994832.0,301.2,-648.7,169.9
1690994847.0,301.3,-649.0,170.0
1690994862.0,301.5,-648.7,170.1
1690994877.0,301.5,-648.0,168.8
1690994892.0,300.8,-648.8,170.4
1690994907.0,300.7,-648.0,168.4
1690994922.0,302.6,-647.9,170.0
1690994937.0,303.5,-649.5,169.3
1690994952.0,300.8,-648.3,168.5
1690994967.0,303.2,-647.6,167.4
1690994982.0,302.0,-649.2,170.8
1690994997.0,299.9,-648.7,170.4
1690995012.0,301.2,-649.0,168.8
1690995027.0,302.0,-647.4,169.3
1690995042.0,301.5,-649.1,170.0
1690995057.0,301.4,-648.7,167.7
1690995072.0,299.8,-648.3,168.6
1690995087.0,301.1,-648.0,168.6
1690995102.0,301.7,-647.9,168.5
1690995117.0,300.4,-647.5,168.1
1690995132.0,300.2,-647.2,168.1
1690995147.0,301.8,-650.0,168.3
1690995162.0,301.7,-649.6,168.7
1690995177.0,302.5,-649.9,168.8
1690995192.0,301.7,-648.3,168.2
1690995207.0,299.1,-648.1,169.6
1690995222.0,302.6,-648.2,168.8
1690995237.0,299.6,-649.3,169.5
1690995252.0,300.4,-650.0,169.1
1690995267.0,300.0,-651.1,170.2
1690995282.0,301.2,-650.3,169.2
1690995297.0,300.8,-648.8,169.6
1690995312.0,300.5,-648.7,168.2
1690995327.0,301.3,-650.1,168.8
1690995342.0,300.9,-649.1,167.8
1690995357.0,301.1,-649.5,167.6
1690995372.0,300.0,-650.0,170.1
1690995387.0,302.4,-649.0,169.1
1690995402.0,302.0,-649.8,168.5
1690995417.0,302.7,-650.2,168.9
1690995432.0,300.5,-648.6,168.7
1690995447.0,300.8,-650.4,169.5
1690995462.0,300.1,-648.2,167.6
1690995477.0,301.1,-648.4,167.6
1690995492.0,301.2,-649.8,169.0
1690995507.0,300.0,-650.6,168.2
1690995522.0,301.3,-649.9,167.6
1690995537.0,300.2,-650.0,168.7
1690995552.0,300.5,-649.8,168.4
1690995567.0,302.2,-648.4,168.2
1690995582.0,303.1,-648.7,167.5
1690995597.0,302.7,-648.0,168.2
1690995612.0,302.1,-647.8,168.7
1690995627.0,299.9,-647.4,167.5
1690995642.0,300.5,-649.3,167.9
1690995657.0,301.4,-648.8,169.2
1690995672.0,301.4,-649.1,168.8
1690995687.0,302.3,-649.6,169.4
1690995702.0,301.2,-648.4,168.6
1690995717.0,302.3,-648.4,168.0
1690995732.0,300.7,-650.1,170.5
1690995747.0,301.9,-649.0,168.9
1690995762.0,300.8,-648.7,167.2
1690995777.0,300.8,-649.3,168.2
1690995792.0,302.7,-648.2,167.7
1690995822.0,301.4,-649.3,168.6
1690995837.0,301.7,-648.7,167.7
1690995852.0,301.7,-648.7,167.7
1690995867.0,300.5,-649.1,167.5
1690995882.0,302.4,-648.8,168.2
1690995897.0,302.4,-649.3,168.1
1690995912.0,301.3,-649.5,168.7
1690995927.0,301.6,-648.6,168.8
1690995942.0,301.7,-650.6,168.9
1690995957.0,302.2,-649.5,168.9
1690995972.0,300.7,-649.4,166.6
1690995987.0,301.4,-649.5,167.4
1690996002.0,301.0,-649.0,167.0
1690996017.0,302.1,-649.2,168.1
1690996032.0,301.5,-648.7,167.6
1690996047.0,302.4,-649.5,167.6
1690996062.0,301.6,-648.7,167.5
1690996077.0,301.6,-649.0,167.5
1690996092.0,301.4,-649.5,167.5
1690996107.0,300.8,-648.7,168.1
1690996122.0,300.8,-648.9,167.1
1690996137.0,300.7,-649.4,166.9
1690996152.0,301.3,-648.7,167.4
1690996167.0,301.4,-649.0,167.4
1690996182.0,301.0,-649.0,167.0
1690996197.0,302.2,-649.5,168.2
1690996212.0,301.7,-649.1,167.7
1690996227.0,301.3,-648.5,167.0
1690996242.0,302.0,-648.7,168.0
1690996257.0,301.3,-649.2,167.6
1690996272.0,301.8,-650.1,170.2
1690996287.0,301.0,-649.1,167.0
1690996302.0,301.6,-649.4,168.6
1690996317.0,301.5,-648.9,167.6
1690996332.0,301.6,-649.1,168.2
1690996347.0,301.7,-648.6,168.4
1690996362.0,300.9,-649.9,167.5
1690996377.0,301.5,-649.6,167.7
1690996392.0,300.8,-649.8,167.2
1690996407.0,302.5,-649.7,168.8
1690996422.0,301.5,-648.7,167.6
1690996437.0,301.7,-649.2,168.0
1690996452.0,301.6,-649.3,168.7
1690996467.0,301.7,-648.3,169.4
1690996482.0,302.1,-649.1,169.0
1690996497.0,300.8,-649.6,166.9
1690996512.0,300.5,-649.3,168.0
1690996527.0,301.6,-650.3,168.7
1690996542.0,300.8,-648.9,167.8
1690996557.0,302.0,-649.0,167.0
1690996572.0,303.1,-649.4,169.4
1690996587.0,301.3,-648.1,167.5
1690996602.0,302.9,-649.4,168.7
1690996617.0,301.2,-648.2,167.8
1690996632.0,301.7,-648.4,168.0
1690996647.0,300.4,-649.1,167.6
1690996662.0,302.8,-650.4,168.8
1690996677.0,302.3,-649.2,169.4
1690996692.0,302.0,-649.7,167.7
1690996707.0,300.2,-649.0,168.3
1690996722.0,301.0,-649.6,169.3
1690996737.0,301.0,-649.3,167.9
1690996752.0,300.5,-648.9,168.6
1690996767.0,302.0,-648.9,168.2
1690996782.0,301.3,-649.3,168.1
1690996797.0,300.1,-648.2,166.2
1690996812.0,303.4,-649.1,168.2
1690996827.0,300.9,-649.8,168.2
1690996842.0,301.6,-649.5,168.7
1690996857.0,300.6,-649.4,168.4
1690996872.0,301.2,-649.1,168.6
1690996887.0,301.2,-648.6,167.8
1690996902.0,302.9,-649.4,168.7
1690996917.0,302.3,-649.1,169.3
1690996932.0,302.0,-649.1,168.8
1690996947.0,302.1,-649.2,168.4
1690996962.0,300.5,-649.7,170.0
1690996977.0,302.0,-650.2,168.5
1690996992.0,302.0,-649.2,169.6
1690997007.0,303.0,-649.7,170.0
1690997022.0,301.8,-649.2,167.6
1690997037.0,303.5,-649.3,168.1
1690997052.0,302.9,-649.3,168.8
1690997067.0,302.5,-649.3,168.2
1690997082.0,302.2,-649.1,169.2
1690997097.0,302.5,-649.1,169.3
1690997112.0,300.7,-649.1,168.5
1690997127.0,302.4,-649.0,169.1
1690997142.0,301.8,-649.2,167.6
1690997157.0,301.8,-648.5,168.2
1690997172.0,303.0,-648.7,169.5
1690997187.0,302.3,-649.1,169.3
1690997202.0,302.1,-649.0,168.5
1690997217.0,299.8,-648.4,169.0
1690997232.0,301.2,-649.1,169.0
1690997247.0,303.0,-649.7,170.0
1690997262.0,301.9,-649.2,168.3
1690997277.0,302.3,-648.9,169.1
1690997292.0,302.2,-649.1,169.5
1690997307.0,302.1,-648.7,167.5
1690997322.0,299.3,-647.8,169.2
1690997337.0,301.8,-649.9,168.3
1690997352.0,302.5,-649.7,167.7
1690997367.0,301.2,-648.7,169.4
1690997382.0,302.3,-649.6,169.4
1690997397.0,302.1,-649.0,168.5
1690997412.0,302.6,-649.9,168.7
1690997427.0,302.6,-648.0,169.1
1690997442.0,300.7,-649.1,168.4
1690997457.0,300.7,-649.6,168.2
1690997472.0,301.0,-648.8,168.0
1690997487.0,303.3,-649.5,169.1
1690997502.0,303.0,-649.1,168.7
1690997517.0,302.6,-649.4,168.2
1690997532.0,300.8,-648.8,166.9
1690997547.0,303.0,-649.0,168.9
1690997562.0,302.7,-647.4,169.3
1690997577.0,300.6,-648.0,166.1
1690997592.0,301.4,-649.2,167.5
1690997607.0,301.8,-647.9,168.1
1690997637.0,302.6,-648.9,168.8
1690997652.0,301.6,-648.4,168.3
1690997667.0,301.5,-648.9,168.6
1690997682.0,302.4,-649.6,169.0
1690997697.0,302.5,-649.0,168.4
1690997712.0,301.4,-649.8,168.2
1690997727.0,301.4,-649.9,168.6
1690997742.0,301.2,-648.3,166.8
1690997757.0,302.1,-649.1,168.6
1690997772.0,302.6,-649.9,168.7
1690997787.0,302.7,-648.6,166.9
1690997802.0,301.1,-649.3,166.6
1690997817.0,302.8,-648.1,168.0
1690997832.0,302.1,-648.9,168.2
1690997847.0,302.2,-649.3,168.3
1690997862.0,302.8,-649.4,168.7
1690997877.0,303.1,-649.1,167.6
1690997892.0,301.6,-649.9,168.7
1690997907.0,302.1,-649.1,167.1
1690997922.0,302.1,-649.8,168.1
1690997937.0,302.6,-649.0,168.8
1690997952.0,302.5,-649.4,168.8
1690997967.0,302.5,-649.3,168.3
1690997982.0,302.7,-648.9,168.9
1690997997.0,301.5,-649.9,168.5
1690998012.0,301.0,-648.3,167.1
1690998027.0,301.1,-649.7,167.7
1690998042.0,301.4,-649.0,167.7
1690998057.0,300.4,-649.0,166.4
1690998072.0,300.6,-649.4,166.2
1690998087.0,302.3,-649.6,168.1
1690998102.0,301.2,-649.3,168.8
1690998117.0,302.7,-649.3,168.8
1690998132.0,302.4,-650.6,169.4
1690998147.0,300.7,-649.8,168.3
1690998162.0,301.8,-649.6,167.0
1690998177.0,303.1,-648.8,169.6
1690998192.0,302.2,-649.8,168.3
1690998207.0,301.9,-648.7,169.3
1690998222.0,302.2,-649.1,168.4
1690998237.0,300.8,-649.9,168.5
1690998252.0,303.6,-649.7,168.3
1690998267.0,303.2,-650.5,168.8
1690998282.0,303.0,-649.4,169.0
1690998297.0,302.1,-648.9,167.5
1690998312.0,302.2,-650.1,168.3
1690998327.0,302.3,-649.4,168.2
1690998342.0,302.3,-648.7,168.3
1690998357.0,301.2,-649.3,168.1
1690998372.0,302.6,-649.2,169.0
1690998387.0,302.5,-648.5,167.1
1690998402.0,300.8,-649.5,166.9
1690998417.0,301.7,-649.5,168.6
1690998432.0,301.6,-649.3,167.7
1690998447.0,301.6,-649.3,168.6
1690998462.0,301.6,-649.2,167.8
1690998477.0,302.4,-649.4,168.7
1690998492.0,301.4,-648.6,168.8
1690998507.0,301.7,-649.8,168.4
1690998522.0,303.0,-649.5,168.7
1690998537.0,302.7,-649.4,168.8
1690998552.0,301.5,-648.6,168.8
1690998567.0,300.9,-649.7,169.6
1690998582.0,300.8,-649.3,169.3
1690998597.0,301.9,-650.4,167.9
1690998612.0,301.4,-649.1,168.9
1690998627.0,301.5,-649.4,167.9
1690998642.0,302.3,-649.5,169.0
1690998657.0,300.3,-649.1,168.4
1690998672.0,302.5,-650.1,167.9
1690998687.0,302.8,-649.1,168.7
1690998702.0,302.6,-648.6,168.0
1690998717.0,303.4,-649.1,168.6
1690998732.0,301.9,-647.9,168.8
1690998747.0,302.2,-648.5,169.4
1690998762.0,303.6,-649.8,168.4
1690998777.0,302.0,-649.7,167.6
1690998792.0,300.9,-649.6,167.0
1690998807.0,300.7,-647.5,168.1
1690998822.0,302.0,-649.3,168.3
1690998837.0,302.6,-648.9,168.7
1690998852.0,301.3,-650.4,168.2
1690998867.0,300.6,-648.5,168.0
1690998882.0,301.6,-648.2,169.6
1690998897.0,301.7,-648.1,169.0
1690998912.0,302.1,-649.0,168.2
1690998927.0,304.2,-649.6,169.0
1690998942.0,302.1,-648.7,167.6
1690998957.0,301.9,-648.4,167.5
1690998972.0,302.0,-649.1,168.8
1690998987.0,302.1,-649.2,168.4
1690999002.0,302.0,-649.7,167.7
1690999017.0,303.0,-649.9,168.7
1690999032.0,302.6,-649.5,168.3
1690999047.0,301.9,-649.2,167.6
1690999062.0,303.9,-648.9,168.1
1690999077.0,302.1,-650.1,169.6
1690999092.0,301.8,-649.4,167.5
1690999107.0,303.2,-648.9,168.7
1690999122.0,302.5,-649.5,169.4
1690999137.0,302.5,-649.8,168.5
1690999152.0,301.7,-650.3,168.9
1690999167.0,302.2,-650.3,168.4
1690999182.0,302.6,-649.3,169.0
1690999197.0,303.7,-650.0,169.5
1690999212.0,300.8,-648.6,167.0
1690999227.0,301.7,-649.5,168.2
1690999242.0,301.2,-650.4,168.8
1690999257.0,302.8,-649.3,168.8
1690999272.0,302.2,-650.1,167.3
1690999287.0,300.8,-649.7,168.2
1690999302.0,300.8,-649.9,168.1
1690999317.0,299.9,-649.6,167.8
1690999332.0,302.9,-650.7,167.5
1690999347.0,302.7,-649.8,168.8
1690999362.0,301.9,-649.4,167.6
1690999377.0,301.8,-648.7,168.3
1690999392.0,302.3,-649.2,167.8
1690999407.0,303.3,-649.9,169.5
1690999422.0,307.3,-661.6,169.8
1690999452.0,302.3,-648.9,167.6
1690999467.0,300.5,-649.0,166.3
1690999482.0,302.0,-650.1,168.2
1690999497.0,302.0,-648.1,167.4
1690999512.0,302.8,-649.4,168.6
1690999527.0,302.1,-649.7,168.3
1690999542.0,301.2,-649.4,168.1
1690999557.0,303.2,-650.4,169.6
1690999572.0,302.8,-650.1,169.6
1690999587.0,301.6,-650.1,167.8
1690999602.0,302.5,-649.2,168.5
1690999617.0,301.9,-648.4,168.8
1690999632.0,301.6,-648.8,168.8
1690999647.0,301.9,-649.9,169.5
1690999662.0,301.8,-649.5,168.9
1690999677.0,303.7,-648.3,168.1
1690999692.0,302.7,-650.1,170.2
1690999707.0,302.2,-649.1,169.6
1690999722.0,301.7,-648.5,169.0
1690999737.0,302.0,-649.0,169.4
1690999752.0,301.3,-649.3,171.2
1690999767.0,300.9,-648.5,169.6
1690999782.0,301.9,-649.3,170.6
1690999797.0,301.8,-649.0,170.8
1690999812.0,301.4,-649.2,171.3
1690999827.0,302.3,-649.6,171.7
1690999842.0,300.9,-648.2,170.4
1690999857.0,302.0,-648.6,170.7
1690999872.0,300.6,-648.9,171.9
1690999887.0,301.9,-649.8,172.0
1690999902.0,299.8,-648.5,169.5
1690999917.0,301.3,-648.7,171.3
1690999932.0,300.8,-648.4,171.5
1690999947.0,302.2,-648.0,171.4
1690999962.0,301.9,-647.8,172.0
1690999977.0,300.6,-647.5,171.7
1690999992.0,301.6,-648.9,170.9
1691000007.0,301.1,-646.6,172.1
1691000022.0,302.9,-649.1,170.3
1691000037.0,301.5,-649.0,170.1
1691000052.0,301.8,-649.0,171.0
1691000067.0,301.6,-649.0,172.7
1691000082.0,300.9,-648.5,170.7
1691000097.0,301.2,-649.1,171.2
1691000112.0,301.7,-647.8,169.7
1691000127.0,301.4,-648.7,169.8
1691000142.0,301.0,-648.5,169.6
1691000157.0,302.4,-648.3,171.4
1691000172.0,301.5,-648.4,169.9
1691000187.0,300.8,-647.9,170.2
1691000202.0,302.8,-647.7,170.6
1691000217.0,300.3,-648.1,169.6
1691000232.0,300.2,-648.6,171.2
1691000247.0,301.1,-648.3,170.4
1691000262.0,301.3,-647.9,168.9
1691000277.0,301.8,-648.9,169.3
1691000292.0,301.2,-648.6,169.3
1691000307.0,299.9,-648.9,170.5
1691000322.0,300.9,-648.7,171.8
1691000337.0,301.6,-648.7,170.2
1691000352.0,300.7,-648.9,168.5
1691000367.0,301.9,-649.2,170.6
1691000382.0,301.1,-648.5,168.8
1691000397.0,301.4,-649.1,170.0
1691000412.0,303.0,-648.0,171.0
1691000427.0,301.2,-648.9,170.4
1691000442.0,302.3,-649.7,169.5
1691000457.0,301.9,-648.7,169.8
1691000472.0,302.5,-649.1,170.1
1691000487.0,300.8,-649.1,169.6
1691000502.0,307.9,-660.0,168.3
1691000517.0,301.2,-648.9,169.6
1691000532.0,301.0,-648.7,170.6
1691000547.0,302.8,-648.9,171.0
1691000562.0,301.7,-648.4,168.9
1691000577.0,302.8,-649.3,168.8
1691000592.0,302.7,-649.1,170.0
1691000607.0,303.7,-649.0,169.5
1691000622.0,302.7,-649.5,171.5
1691000637.0,302.6,-649.1,169.6
1691000652.0,303.4,-649.5,169.6
1691000667.0,302.9,-649.3,170.2
1691000682.0,302.5,-648.7,169.3
1691000697.0,302.9,-649.4,168.9
1691000712.0,302.8,-648.6,171.0
1691000727.0,302.9,-648.7,169.1
1691000742.0,303.8,-650.0,170.2
1691000757.0,302.6,-649.6,169.5
1691000772.0,301.9,-649.5,168.9
1691000787.0,301.2,-649.3,168.3
1691000802.0,302.4,-650.0,169.3
1691000817.0,303.8,-650.3,170.8
1691000832.0,302.2,-649.3,169.8
1691000847.0,303.4,-649.2,169.5
1691000862.0,301.4,-649.1,169.1
1691000877.0,302.2,-649.6,169.4
1691000892.0,302.1,-649.3,168.7
1691000907.0,302.1,-649.3,168.4
1691000922.0,302.3,-649.4,169.3
1691000937.0,302.4,-649.6,170.1
1691000952.0,303.3,-649.4,169.0
1691000967.0,302.7,-649.2,170.3
1691000982.0,302.4,-649.7,169.6
1691000997.0,302.7,-649.6,171.4
1691001012.0,301.0,-649.2,169.5
1691001027.0,303.6,-648.9,169.2
1691001042.0,301.2,-648.4,168.8
1691001057.0,302.3,-648.5,168.3
1691001072.0,302.7,-649.3,170.2
1691001087.0,303.6,-649.0,169.9
1691001102.0,302.3,-648.3,168.4
1691001117.0,301.5,-649.9,168.7
1691001132.0,302.4,-650.0,169.5
1691001147.0,302.2,-649.3,167.8
1691001162.0,301.2,-649.5,169.0
1691001177.0,303.2,-650.1,169.5
1691001192.0,302.6,-649.7,168.4
1691001207.0,302.4,-650.3,168.2
1691001222.0,302.1,-649.9,168.7
1691001237.0,300.9,-648.8,168.2
1691001252.0,300.9,-648.5,168.8
1691001267.0,307.5,-660.7,169.2
1691001282.0,301.1,-649.2,169.4
1691001297.0,303.0,-648.1,167.5
1691001312.0,302.1,-650.3,170.8
1691001327.0,302.4,-649.7,169.6
1691001342.0,301.9,-649.6,169.6
1691001357.0,301.1,-650.7,169.2
1691001372.0,301.4,-650.0,168.9
1691001387.0,302.3,-649.4,168.2
1691001402.0,301.1,-648.8,169.4
1691001417.0,301.0,-649.3,168.3
1691001432.0,302.4,-649.2,169.2
1691001447.0,301.6,-650.2,170.0
1691001462.0,301.5,-649.8,170.0
1691001477.0,302.5,-650.0,169.1
1691001492.0,302.8,-650.4,168.9
1691001507.0,301.0,-649.9,168.2
1691001522.0,301.0,-649.5,168.2
1691001537.0,303.6,-649.9,169.6
1691001552.0,302.1,-649.8,168.4
1691001567.0,303.0,-649.8,168.8
1691001582.0,302.6,-650.0,169.5
1691001597.0,302.7,-650.1,169.1
1691001612.0,301.8,-650.5,169.0
1691001627.0,301.9,-650.1,169.4
1691001642.0,301.5,-650.0,169.0
1691001657.0,302.2,-649.2,168.3
1691001672.0,303.1,-649.9,168.8
1691001687.0,301.5,-650.2,170.1
1691001702.0,302.7,-650.5,169.1
1691001717.0,303.3,-650.1,168.9
1691001732.0,300.6,-649.5,168.4
1691001747.0,302.8,-650.2,167.6
1691001762.0,303.2,-650.0,169.4
1691001777.0,303.5,-649.9,168.3
1691001792.0,302.9,-650.0,168.8
1691001807.0,302.0,-649.6,168.4
1691001822.0,300.7,-649.6,168.4
1691001837.0,302.0,-650.0,167.1
1691001852.0,302.8,-650.1,167.6
1691001867.0,301.7,-650.5,168.9
1691001882.0,302.1,-650.0,168.3
1691001897.0,302.4,-649.8,168.2
1691001912.0,302.4,-650.3,168.2
1691001927.0,302.3,-650.2,168.3
1691001942.0,301.5,-649.7,167.7
1691001957.0,302.2,-649.1,167.0
1691001972.0,304.6,-649.9,169.5
1691001987.0,302.1,-649.9,168.5
1691002002.0,302.6,-649.9,168.8
1691002017.0,302.2,-650.0,169.5
1691002032.0,302.3,-650.3,168.4
1691002047.0,303.5,-650.5,169.5
1691002062.0,302.4,-650.6,168.9
1691002077.0,301.5,-650.3,167.8
1691002092.0,301.8,-649.8,167.7
1691002107.0,301.6,-648.0,168.8
1691002122.0,300.6,-647.9,169.4
1691002137.0,303.5,-649.3,168.3
1691002152.0,300.7,-648.1,166.4
1691002167.0,301.6,-649.3,168.7
1691002182.0,301.1,-648.9,169.2
1691002197.0,302.8,-650.3,167.6
1691002212.0,302.8,-648.8,169.4
1691002227.0,302.4,-649.2,168.3
1691002242.0,302.3,-650.0,168.2
1691002257.0,303.7,-649.0,169.5
1691002272.0,300.9,-648.0,171.0
1691002287.0,301.9,-650.1,168.6
1691002302.0,301.1,-648.7,169.3
1691002317.0,300.9,-650.3,168.3
1691002332.0,301.5,-650.4,168.8
1691002347.0,301.3,-650.5,168.9
1691002362.0,302.3,-650.1,169.5
1691002377.0,301.8,-649.6,168.9
1691002392.0,301.2,-650.5,168.2
1691002407.0,302.0,-649.6,169.2
1691002422.0,301.0,-650.5,169.6
1691002437.0,301.3,-650.7,168.1
1691002452.0,301.4,-650.2,170.1
1691002467.0,302.0,-650.9,168.4
1691002482.0,303.0,-649.9,168.9
1691002497.0,302.7,-649.8,168.3
1691002512.0,301.8,-650.6,169.4
1691002527.0,300.6,-650.6,167.2
1691002542.0,301.1,-649.8,168.1
1691002557.0,301.4,-650.3,168.3
1691002572.0,301.9,-650.9,168.2
1691002587.0,300.5,-650.5,168.8
1691002602.0,300.9,-650.4,168.3
1691002617.0,301.5,-650.4,168.8
1691002632.0,301.2,-649.7,169.3
1691002647.0,300.9,-650.3,169.1
1691002662.0,301.8,-650.3,168.5
1691002677.0,301.2,-649.9,169.1
1691002692.0,300.7,-650.7,168.4
1691002707.0,300.8,-650.5,169.5
1691002722.0,303.2,-649.5,168.1
1691002737.0,301.8,-649.8,168.9
1691002752.0,301.2,-650.8,168.9
1691002767.0,301.4,-650.3,168.5
1691002782.0,302.3,-648.7,168.3
1691002797.0,299.2,-649.0,165.1
1691002812.0,299.7,-649.4,166.9
1691002827.0,300.4,-649.4,166.3
1691002842.0,300.5,-649.0,166.1
1691002857.0,302.3,-649.6,168.2
1691002872.0,302.2,-649.7,168.2
1691002887.0,302.4,-650.3,168.1
1691002902.0,299.9,-649.1,166.9
1691002917.0,302.0,-649.1,168.1
1691002932.0,301.2,-650.2,167.6
1691002947.0,300.7,-649.8,167.6
1691002962.0,299.3,-650.5,167.0
1691002977.0,300.2,-650.4,168.2
1691002992.0,301.7,-650.7,168.4
1691003007.0,302.8,-650.5,168.5
1691003022.0,302.4,-650.3,168.4
1691003037.0,301.0,-649.9,169.4
1691003052.0,301.9,-650.4,169.1
1691003067.0,303.0,-649.7,167.8
1691003082.0,301.8,-650.2,167.7
1691003097.0,301.4,-648.6,166.9
1691003112.0,303.4,-650.2,168.2
1691003127.0,301.5,-649.9,168.9
1691003142.0,301.3,-650.4,168.8
1691003157.0,302.1,-649.9,169.1
1691003172.0,302.5,-650.1,169.5
1691003187.0,302.2,-650.1,167.9
1691003202.0,302.0,-649.6,167.1
1691003217.0,301.1,-650.2,168.1
1691003232.0,300.4,-650.1,167.7
1691003247.0,302.5,-649.9,168.9
1691003262.0,303.5,-650.5,169.4
1691003277.0,301.7,-650.1,167.7
1691003292.0,302.6,-649.7,167.6
1691003307.0,302.7,-650.5,167.6
1691003322.0,302.3,-650.1,168.2
1691003337.0,300.9,-650.1,169.4
1691003352.0,302.0,-650.5,169.7
1691003367.0,301.8,-650.8,168.6
1691003382.0,301.9,-649.7,168.5
1691003397.0,303.2,-650.1,169.4
1691003412.0,302.1,-650.0,169.6
1691003427.0,302.9,-650.6,169.0
1691003442.0,301.8,-649.4,168.9
1691003457.0,300.5,-650.7,169.6
1691003472.0,302.9,-649.5,168.8
1691003487.0,301.8,-650.4,168.9
1691003502.0,300.8,-650.9,168.4
1691003517.0,301.2,-650.2,170.6
1691003532.0,301.8,-649.8,167.7
1691003547.0,296.6,-667.9,170.2
1691003562.0,302.1,-649.1,167.7
1691003577.0,302.0,-650.5,168.2
1691003592.0,301.9,-651.0,169.4
1691003607.0,302.0,-650.8,168.5
1691003622.0,301.1,-650.8,170.2
1691003637.0,301.8,-649.7,168.5
1691003652.0,303.5,-650.9,169.6
1691003667.0,303.1,-649.7,168.9
1691003682.0,302.4,-649.9,168.2
1691003697.0,302.2,-650.5,169.4
1691003712.0,301.8,-649.3,167.6
1691003727.0,301.3,-649.4,168.0
1691003742.0,301.5,-650.1,167.7
1691003757.0,301.4,-649.7,167.7
1691003772.0,301.5,-649.2,167.7
1691003787.0,302.4,-649.5,170.1
1691003802.0,302.1,-650.0,169.7
1691003817.0,301.4,-649.9,169.0
1691003832.0,301.8,-649.1,169.4
1691003847.0,301.0,-649.5,169.6
1691003862.0,301.6,-650.4,169.5
1691003877.0,301.6,-649.4,169.9
1691003892.0,302.7,-649.1,170.1
1691003907.0,302.1,-650.1,169.6
1691003922.0,301.3,-649.9,169.9
1691003937.0,303.8,-650.0,170.3
1691003952.0,300.9,-650.2,170.3
1691003967.0,302.5,-649.2,170.2
1691003982.0,299.5,-648.9,169.0
1691003997.0,302.6,-649.6,170.3
1691004012.0,301.3,-649.7,170.2
1691004027.0,302.2,-648.4,169.5
1691004042.0,301.8,-649.7,170.6
1691004057.0,302.5,-649.2,170.3
1691004072.0,300.4,-649.2,170.7
1691004087.0,301.7,-649.5,172.3
1691004102.0,299.9,-648.4,168.9
1691004117.0,300.3,-649.5,169.3
1691004132.0,301.8,-649.0,171.9
1691004147.0,301.6,-649.2,169.6
1691004162.0,303.5,-648.3,171.1
1691004177.0,303.0,-648.8,168.8
1691004192.0,302.4,-649.0,169.3
1691004207.0,301.0,-649.9,172.1
1691004222.0,301.7,-650.3,172.3
1691004237.0,301.7,-649.7,170.3
1691004252.0,301.4,-648.2,169.3
1691004267.0,302.1,-649.6,170.8
1691004282.0,300.2,-649.2,170.2
1691004297.0,300.0,-649.8,169.0
1691004312.0,302.0,-649.5,169.4
1691004327.0,299.7,-648.8,168.9
1691004342.0,300.8,-649.7,169.6
1691004357.0,301.0,-650.0,171.5
1691004372.0,299.3,-649.2,171.4
1691004387.0,301.7,-649.2,169.8
1691004402.0,300.6,-647.2,170.6
1691004417.0,301.6,-648.7,170.5
1691004432.0,301.2,-648.0,171.1
1691004447.0,302.0,-649.3,171.3
1691004462.0,299.8,-648.8,171.4
1691004477.0,301.8,-649.0,170.2
1691004492.0,299.7,-648.4,169.5
1691004507.0,300.8,-648.6,170.6
1691004522.0,301.1,-649.3,171.2
1691004537.0,300.6,-648.9,170.8
1691004552.0,300.4,-649.6,170.2
1691004567.0,302.2,-649.4,172.2
1691004582.0,302.1,-649.5,172.1
1691004597.0,301.4,-649.2,170.3
1691004612.0,300.7,-648.9,169.7
1691004627.0,301.4,-650.0,172.7
1691004642.0,302.4,-649.0,170.4
1691004657.0,301.7,-649.7,171.4
1691004672.0,302.3,-648.5,170.8
1691004687.0,302.3,-649.9,172.0
1691004702.0,301.5,-649.5,170.4
1691004717.0,303.1,-649.4,170.8
1691004732.0,302.6,-649.2,171.3
1691004747.0,303.0,-651.7,173.0
1691004762.0,302.0,-649.1,171.0
1691004777.0,301.1,-648.7,170.8
1691004792.0,302.1,-648.9,172.6
1691004807.0,300.8,-649.1,170.9
1691004822.0,300.9,-649.2,171.8
1691004837.0,301.6,-648.9,170.4
1691004852.0,301.7,-650.0,170.7
1691004867.0,301.5,-648.7,171.4
1691004882.0,301.2,-647.2,170.5
1691004912.0,301.1,-649.1,171.5
1691004927.0,300.1,-648.5,172.7
1691004942.0,300.6,-649.6,172.7
1691004957.0,301.3,-646.7,172.4
1691004972.0,300.6,-647.4,172.9
1691004987.0,302.4,-648.6,174.1
1691005002.0,300.3,-646.9,172.3
1691005017.0,301.4,-647.0,173.5
1691005032.0,302.3,-647.0,174.1
1691005047.0,301.4,-647.5,171.7
1691005062.0,302.7,-646.8,172.6
1691005077.0,302.3,-646.9,172.3
1691005092.0,301.6,-647.4,172.5
1691005107.0,301.4,-645.7,173.3
1691005122.0,301.1,-647.3,173.9
1691005137.0,301.5,-647.7,172.6
1691005152.0,300.9,-647.5,173.2
1691005167.0,300.8,-646.8,174.2
1691005182.0,301.8,-648.5,175.4
1691005197.0,301.5,-646.5,172.7
1691005212.0,301.9,-645.9,174.5
1691005227.0,301.0,-647.0,172.8
1691005242.0,302.6,-645.7,173.7
1691005257.0,302.1,-647.2,174.1
1691005272.0,300.3,-646.7,172.1
1691005287.0,303.7,-646.8,174.5
1691005302.0,300.9,-645.1,173.2
1691005317.0,302.7,-646.7,174.3
1691005332.0,301.4,-646.6,174.1
1691005347.0,301.7,-646.0,172.7
1691005362.0,300.5,-645.9,173.2
1691005377.0,300.3,-646.4,173.0
1691005392.0,300.7,-645.0,174.7
1691005407.0,300.9,-645.5,171.8
1691005422.0,301.0,-644.6,173.2
1691005437.0,299.6,-644.8,174.0
1691005452.0,300.0,-646.1,173.6
1691005467.0,299.8,-646.0,173.9
1691005482.0,300.7,-645.7,173.2
1691005497.0,301.9,-646.0,175.3
1691005512.0,301.7,-645.8,173.3
1691005527.0,302.0,-645.7,175.3
1691005542.0,298.6,-645.3,171.2
1691005557.0,303.0,-646.5,173.8
1691005572.0,301.5,-646.3,173.3
1691005587.0,301.5,-646.2,173.3
1691005602.0,301.2,-648.0,176.2
1691005617.0,299.5,-644.8,172.7
1691005632.0,300.0,-647.3,174.5
1691005647.0,304.4,-647.6,172.6
1691005662.0,302.0,-647.5,173.3
1691005677.0,300.4,-647.5,170.9
1691005692.0,300.6,-647.8,173.3
1691005707.0,299.4,-647.8,173.5
1691005722.0,300.4,-647.3,173.2
1691005737.0,301.1,-647.8,172.2
1691005752.0,302.1,-647.1,172.8
1691005767.0,302.0,-647.6,172.3
1691005782.0,302.1,-647.7,172.2
1691005797.0,299.3,-648.0,170.8
1691005812.0,303.1,-647.4,173.2
1691005827.0,301.4,-647.4,172.7
1691005842.0,301.7,-647.2,171.6
1691005857.0,302.5,-646.4,171.3
1691005872.0,301.1,-647.2,172.8
1691005887.0,300.6,-648.8,174.7
1691005902.0,302.9,-647.2,172.4
1691005917.0,301.7,-648.3,174.0
1691005932.0,302.4,-648.5,172.3
1691005947.0,299.9,-648.5,172.1
1691005962.0,300.4,-648.1,172.4
1691005977.0,303.4,-648.1,172.6
1691005992.0,301.4,-647.8,173.4
1691006007.0,303.1,-648.3,171.1
1691006022.0,301.3,-648.0,173.2
1691006037.0,301.5,-649.2,171.3
1691006052.0,301.3,-648.6,172.6
1691006067.0,301.8,-648.1,170.9
1691006082.0,302.0,-648.4,171.8
1691006097.0,301.4,-648.1,171.5
1691006112.0,303.1,-647.9,173.6
1691006127.0,302.2,-648.8,172.3
1691006142.0,304.1,-648.9,172.8
1691006157.0,301.6,-648.3,171.4
1691006172.0,301.4,-648.4,171.8
1691006187.0,301.0,-648.1,173.2
1691006202.0,302.7,-649.0,171.7
1691006217.0,301.6,-647.7,171.7
1691006232.0,302.0,-647.7,172.0
1691006247.0,301.7,-647.8,171.5
1691006262.0,301.9,-647.7,172.0
1691006277.0,300.7,-647.8,173.4
1691006292.0,301.7,-648.2,171.4
1691006307.0,301.6,-648.5,171.4
1691006322.0,302.0,-647.8,171.9
1691006337.0,299.7,-648.4,173.5
1691006352.0,301.4,-648.9,172.2
1691006367.0,302.5,-647.2,171.4
1691006382.0,300.7,-648.6,173.2
1691006397.0,301.2,-647.5,172.8
1691006412.0,300.5,-648.1,171.5
1691006427.0,300.5,-647.4,172.5
1691006442.0,302.8,-648.3,172.8
1691006457.0,301.8,-648.0,173.4
1691006472.0,302.6,-647.9,172.8
1691006487.0,301.6,-647.9,172.8
1691006502.0,299.9,-648.1,171.6
1691006517.0,301.5,-647.4,172.7
1691006532.0,301.7,-647.5,172.6
1691006547.0,302.4,-647.4,172.1
1691006562.0,301.3,-648.2,171.5
1691006577.0,301.7,-647.4,172.1
1691006592.0,301.2,-648.2,171.9
1691006607.0,302.1,-647.8,172.0
1691006622.0,302.3,-648.4,173.4
1691006637.0,300.3,-647.0,171.2
1691006652.0,300.8,-647.8,171.9
1691006667.0,303.8,-648.4,172.7
1691006682.0,302.6,-648.8,174.6
1691006697.0,302.6,-648.6,171.7
1691006727.0,299.9,-648.4,173.3
1691006742.0,302.5,-648.4,172.6
1691006757.0,301.7,-647.9,172.3
1691006772.0,301.3,-648.5,171.7
1691006787.0,301.5,-647.9,172.5
1691006802.0,302.1,-648.4,173.6
1691006817.0,303.2,-648.7,173.4
1691006832.0,302.4,-649.3,172.3
1691006847.0,303.8,-648.6,172.8
1691006862.0,302.3,-648.3,173.1
1691006877.0,302.7,-648.3,170.4
1691006892.0,301.2,-647.9,170.5
1691006907.0,300.8,-648.3,170.7
1691006922.0,301.7,-649.1,172.1
1691006937.0,299.8,-647.2,172.6
1691006952.0,302.1,-648.9,172.1
1691006967.0,301.9,-646.8,172.1
1691006982.0,300.3,-648.0,172.6
1691006997.0,300.1,-646.4,173.5
1691007012.0,300.1,-647.2,173.8
1691007027.0,298.8,-647.7,174.5
1691007042.0,300.7,-648.6,170.9
1691007057.0,301.4,-648.8,173.7
1691007072.0,298.7,-648.0,171.5
1691007087.0,301.6,-645.5,172.0
1691007102.0,300.8,-647.7,172.0
1691007117.0,301.2,-645.8,171.3
1691007132.0,301.6,-646.5,173.2
1691007147.0,301.1,-646.4,173.2
1691007162.0,301.1,-646.6,172.9
1691007177.0,303.0,-648.0,173.8
1691007192.0,301.4,-645.9,172.7
1691007207.0,301.9,-647.3,172.0
1691007222.0,301.5,-647.2,174.0
1691007237.0,300.4,-646.6,173.5
1691007252.0,300.8,-647.9,172.1
1691007267.0,302.5,-647.8,173.8
1691007282.0,302.6,-647.5,172.8
1691007297.0,301.0,-646.8,172.0
1691007312.0,300.7,-646.6,173.0
1691007327.0,301.3,-646.8,172.7
1691007342.0,301.7,-647.1,172.5
1691007357.0,300.8,-647.0,175.0
1691007372.0,301.8,-646.7,173.6
1691007387.0,302.1,-647.0,173.3
1691007402.0,301.6,-645.1,171.6
1691007417.0,302.9,-647.4,172.7
1691007432.0,300.2,-646.4,171.4
1691007447.0,297.0,-646.3,175.0
1691007462.0,301.0,-645.4,173.9
1691007477.0,301.4,-646.8,172.8
1691007492.0,301.8,-646.5,173.2
1691007507.0,301.6,-645.9,173.4
1691007522.0,303.1,-646.6,173.8
1691007537.0,302.0,-646.6,173.9
1691007552.0,301.9,-646.5,173.6
1691007567.0,302.3,-646.2,173.9
1691007582.0,302.8,-646.4,173.4
1691007597.0,299.9,-646.1,172.8
1691007612.0,300.4,-645.2,172.6
1691007627.0,301.9,-645.6,173.2
1691007642.0,301.5,-645.9,173.0
1691007657.0,301.6,-646.0,172.6
1691007672.0,302.3,-645.1,173.0
1691007687.0,301.6,-646.1,172.5
1691007702.0,302.6,-645.7,174.3
1691007717.0,299.4,-644.8,171.8
1691007732.0,302.9,-645.1,173.7
1691007747.0,300.5,-645.4,174.7
1691007762.0,301.7,-645.1,173.2
1691007777.0,303.2,-645.7,174.4
1691007792.0,299.3,-644.0,172.0
1691007807.0,301.4,-644.9,174.5
1691007822.0,300.6,-644.6,174.4
1691007837.0,301.2,-645.6,173.9
1691007852.0,300.2,-645.3,173.7
1691007867.0,301.1,-643.9,174.0
1691007882.0,300.9,-645.6,173.1
1691007897.0,300.7,-645.3,173.1
1691007912.0,300.2,-645.6,172.5
1691007927.0,301.6,-645.1,173.7
1691007942.0,302.5,-645.4,173.2
1691007957.0,301.7,-646.1,174.4
1691007972.0,301.7,-644.9,172.6
1691007987.0,301.7,-644.8,172.6
1691008002.0,302.6,-645.6,173.7
1691008017.0,302.8,-645.1,173.8
1691008032.0,300.2,-646.1,174.0
1691008047.0,303.1,-644.4,173.4
1691008062.0,301.9,-645.8,175.1
1691008077.0,301.6,-646.3,175.1
1691008092.0,303.2,-645.5,173.8
1691008107.0,302.5,-645.2,174.5
1691008122.0,303.4,-644.7,173.4
1691008137.0,302.6,-645.4,173.8
1691008152.0,302.5,-645.4,173.4
1691008167.0,301.9,-645.4,173.5
1691008182.0,302.6,-645.7,175.0
1691008197.0,299.8,-645.8,172.6
1691008212.0,302.9,-645.7,175.2
1691008227.0,302.5,-647.0,175.7
1691008242.0,302.3,-646.3,174.6
1691008257.0,301.1,-645.1,174.2
1691008272.0,302.5,-645.3,175.3
1691008287.0,302.6,-645.6,174.1
1691008302.0,301.8,-645.1,173.9
1691008317.0,301.6,-645.4,173.8
1691008332.0,302.8,-646.5,176.4
1691008347.0,301.4,-645.5,173.9
1691008362.0,299.4,-646.3,177.0
1691008377.0,302.8,-645.4,175.3
1691008392.0,302.2,-645.2,175.9
1691008407.0,302.8,-646.4,175.3
1691008422.0,304.1,-646.6,176.5
1691008437.0,302.8,-645.8,175.3
1691008452.0,302.0,-645.7,173.9
1691008467.0,303.0,-646.8,175.2
1691008482.0,302.1,-645.0,174.8
1691008497.0,302.5,-645.7,175.2
1691008512.0,303.0,-645.5,175.4
1691008527.0,300.9,-645.0,174.6
1691008542.0,301.8,-645.9,175.0
1691008557.0,303.4,-645.6,174.7
1691008572.0,302.6,-645.7,174.6
1691008587.0,301.2,-644.5,174.2
1691008602.0,301.4,-645.8,173.9
1691008617.0,302.7,-646.3,175.1
1691008632.0,301.6,-645.0,174.0
1691008647.0,301.2,-645.9,175.6
1691008662.0,300.8,-645.2,174.6
1691008677.0,301.1,-646.2,175.4
1691008692.0,302.5,-646.1,176.4
1691008707.0,301.6,-646.0,175.2
1691008722.0,300.8,-645.9,173.5
1691008737.0,301.1,-646.5,176.3
1691008752.0,302.1,-645.3,174.6
1691008767.0,301.6,-646.3,176.1
1691008782.0,301.6,-645.1,174.0
1691008797.0,301.1,-646.4,175.1
1691008812.0,301.4,-646.6,176.1
1691008827.0,300.5,-645.8,175.8
1691008842.0,300.5,-644.9,175.8
1691008857.0,302.9,-645.5,175.0
1691008872.0,300.7,-645.8,173.5
1691008887.0,302.0,-645.0,174.4
1691008902.0,300.6,-646.1,174.8
1691008917.0,300.8,-646.5,175.3
1691008932.0,301.4,-645.1,174.9
1691008947.0,302.2,-645.3,174.0
1691008962.0,301.4,-645.2,175.2
1691008977.0,301.3,-646.1,175.3
1691008992.0,301.8,-645.3,176.0
1691009007.0,301.6,-645.8,173.8
1691009022.0,300.8,-645.2,175.3
1691009037.0,300.9,-645.7,175.7
1691009052.0,301.2,-646.0,174.6
1691009067.0,303.3,-645.7,174.4
1691009082.0,302.6,-646.3,174.4
1691009097.0,301.9,-646.5,174.9
1691009112.0,303.5,-645.2,174.5
1691009127.0,302.3,-645.1,175.4
1691009142.0,302.1,-645.0,175.7
1691009157.0,301.7,-645.2,175.6
1691009172.0,298.6,-643.0,175.3
1691009187.0,302.3,-645.5,175.2
1691009202.0,302.2,-646.1,175.7
1691009217.0,302.1,-644.8,173.5
1691009232.0,301.8,-645.3,173.8
1691009247.0,302.1,-646.2,174.4
1691009262.0,301.3,-646.1,176.5
1691009277.0,302.5,-646.8,174.7
1691009292.0,300.8,-646.2,175.9
1691009307.0,300.1,-645.9,176.1
1691009322.0,301.7,-645.6,174.6
1691009337.0,300.6,-645.3,175.8
1691009352.0,301.6,-645.5,175.1
1691009367.0,301.5,-645.1,174.9
1691009382.0,300.7,-644.6,175.3
1691009397.0,302.9,-645.4,175.0
1691009412.0,301.0,-645.1,174.6
1691009427.0,301.1,-644.4,174.9
1691009442.0,300.8,-645.0,175.6
1691009457.0,301.1,-645.2,175.2
1691009472.0,301.9,-645.8,174.5
1691009487.0,301.8,-645.3,174.6
1691009502.0,301.6,-645.1,174.8
1691009517.0,302.0,-645.1,173.6
1691009532.0,301.8,-644.4,173.9
1691009547.0,300.3,-644.7,173.4
1691009562.0,301.2,-644.9,175.7
1691009577.0,300.1,-644.7,174.4
1691009592.0,300.9,-645.5,174.4
1691009607.0,300.5,-645.4,173.4
1691009622.0,302.3,-644.4,174.5
1691009637.0,300.9,-644.6,173.0
1691009652.0,301.4,-644.9,174.3
1691009667.0,301.4,-644.8,175.7
1691009682.0,299.9,-644.2,176.2
1691009697.0,300.8,-644.5,175.2
1691009712.0,302.1,-646.2,173.9
1691009727.0,299.2,-644.0,173.0
1691009742.0,301.4,-644.8,174.7
1691009757.0,301.3,-644.8,177.8
1691009772.0,301.2,-646.0,178.4
1691009787.0,301.4,-644.3,175.9
1691009802.0,301.1,-643.2,175.5
1691009817.0,301.4,-645.3,176.3
1691009832.0,300.1,-644.7,176.2
1691009847.0,299.8,-646.0,175.9
1691009862.0,300.0,-645.5,172.6
1691009877.0,300.2,-646.1,176.3
1691009892.0,301.7,-645.6,174.7
1691009907.0,301.7,-644.8,176.0
1691009922.0,299.8,-644.8,172.6
1691009937.0,301.9,-644.7,174.3
1691009952.0,300.2,-646.2,174.8
1691009967.0,300.8,-646.0,174.0
1691009982.0,299.8,-645.3,174.1
1691009997.0,300.5,-645.0,175.4
1691010012.0,299.0,-646.3,174.7
1691010027.0,301.0,-645.8,175.3
1691010042.0,300.8,-645.8,174.6
1691010057.0,298.8,-644.9,175.0
1691010072.0,299.2,-644.8,174.2
1691010087.0,299.5,-646.3,175.0
1691010102.0,299.7,-645.5,175.2
1691010117.0,300.7,-644.5,175.5
1691010132.0,300.9,-645.4,175.1
1691010147.0,313.8,-674.7,179.2
1691010162.0,301.1,-645.5,175.3
1691010177.0,300.0,-645.5,174.0
1691010192.0,300.4,-645.3,173.3
1691010207.0,300.8,-645.2,174.3
1691010222.0,302.6,-645.3,175.2
1691010237.0,300.6,-644.3,173.6
1691010252.0,300.8,-644.5,175.6
1691010267.0,300.7,-645.7,174.6
1691010282.0,299.4,-643.9,175.3
1691010297.0,300.6,-645.9,175.3
1691010312.0,299.5,-645.0,175.2
1691010327.0,299.3,-645.4,175.0
1691010342.0,301.7,-645.7,174.5
1691010372.0,300.1,-645.5,173.9
1691010387.0,300.3,-646.5,173.6
1691010402.0,301.0,-646.9,175.5
1691010417.0,301.4,-646.4,175.0
1691010432.0,299.8,-645.2,174.2
1691010447.0,298.7,-645.9,173.7
1691010462.0,302.6,-645.4,175.4
1691010477.0,301.9,-645.6,173.7
1691010492.0,298.6,-645.4,173.1
1691010507.0,300.4,-645.3,175.9
1691010522.0,302.5,-645.1,175.0
1691010537.0,300.9,-644.2,175.3
1691010552.0,298.5,-644.3,172.6
1691010567.0,300.1,-644.5,175.5
1691010582.0,299.1,-644.4,175.3
1691010597.0,299.0,-643.9,174.8
1691010612.0,299.4,-645.7,172.9
1691010627.0,300.3,-644.9,174.2
1691010642.0,299.7,-644.4,172.5
1691010657.0,299.9,-643.4,173.7
1691010672.0,301.0,-644.1,175.4
1691010687.0,300.5,-645.1,173.9
1691010702.0,298.9,-646.0,174.6
1691010717.0,299.9,-645.8,175.0
1691010732.0,298.8,-643.1,174.5
1691010747.0,299.9,-643.4,174.8
1691010762.0,299.5,-645.6,173.9
1691010777.0,299.3,-643.2,175.2
1691010792.0,300.4,-643.1,175.2
1691010807.0,299.3,-643.9,173.8
1691010822.0,298.7,-644.9,174.5
1691010837.0,299.1,-645.1,172.9
1691010852.0,302.1,-645.4,174.7
1691010867.0,298.8,-643.5,173.6
1691010882.0,298.4,-644.9,173.4
1691010897.0,300.5,-643.7,176.3
1691010912.0,300.4,-643.8,176.7
1691010927.0,297.5,-642.8,173.2
1691010942.0,299.1,-644.4,173.1
1691010957.0,299.2,-644.0,174.2
1691010972.0,300.9,-644.9,175.4
1691010987.0,299.9,-643.3,173.5
1691011002.0,299.5,-644.3,173.7
1691011017.0,300.0,-644.7,174.5
1691011032.0,299.3,-644.8,174.6
1691011047.0,299.1,-645.5,173.6
1691011062.0,298.6,-643.8,174.5
1691011077.0,299.0,-645.2,173.5
1691011092.0,299.7,-645.1,174.4
1691011107.0,299.6,-645.1,174.1
1691011122.0,301.1,-643.9,174.8
1691011137.0,300.8,-644.3,172.7
1691011152.0,299.2,-644.8,173.5
1691011167.0,300.4,-644.5,174.8
1691011182.0,302.1,-645.2,175.1
1691011197.0,301.5,-646.0,175.9
1691011212.0,298.4,-645.0,171.5
1691011227.0,300.3,-643.8,173.8
1691011242.0,298.6,-644.1,175.4
1691011257.0,300.8,-644.8,175.0
1691011272.0,299.9,-643.3,174.5
1691011287.0,299.8,-643.6,174.8
1691011302.0,297.1,-644.0,173.6
1691011317.0,299.9,-642.9,173.1
1691011332.0,300.2,-643.3,173.5
1691011347.0,299.7,-644.5,175.0
1691011362.0,299.6,-644.4,175.4
1691011377.0,300.5,-644.5,174.5
1691011392.0,300.9,-645.1,173.9
1691011407.0,301.6,-645.3,173.7
1691011422.0,302.2,-646.0,175.4
1691011437.0,299.4,-644.3,172.0
1691011452.0,300.7,-644.6,173.9
1691011467.0,299.8,-644.5,175.0
1691011482.0,298.6,-644.8,175.9
1691011497.0,299.9,-645.3,175.9
1691011512.0,301.1,-644.2,174.9
1691011527.0,300.2,-645.1,175.1
1691011542.0,300.1,-644.8,174.8
1691011557.0,301.1,-644.9,172.6
1691011572.0,299.7,-644.2,173.1
1691011587.0,300.5,-644.9,174.4
1691011602.0,299.5,-643.9,175.1
1691011617.0,298.1,-643.4,173.7
1691011632.0,298.0,-645.5,173.0
1691011647.0,297.7,-643.9,174.0
1691011662.0,299.8,-645.9,172.2
1691011677.0,300.1,-643.2,173.0
1691011692.0,299.8,-644.5,174.0
1691011707.0,301.5,-646.0,174.5
1691011722.0,301.6,-645.3,175.3
1691011737.0,301.5,-644.9,174.8
1691011752.0,299.5,-643.2,176.3
1691011767.0,301.1,-645.6,173.9
1691011782.0,300.6,-645.2,174.8
1691011797.0,300.1,-645.6,174.0
1691011812.0,300.1,-643.9,174.8
1691011827.0,298.9,-645.9,173.9
1691011842.0,300.2,-645.5,175.8
1691011857.0,300.2,-645.5,175.3
1691011872.0,300.8,-646.3,174.6
1691011887.0,301.1,-645.7,174.0
1691011902.0,300.1,-644.9,175.1
1691011917.0,300.2,-645.0,174.0
1691011932.0,301.0,-645.6,175.1
1691011947.0,299.9,-645.3,173.8
1691011962.0,301.5,-645.3,173.9
1691011977.0,300.2,-645.9,173.9
1691011992.0,300.8,-645.9,175.4
1691012007.0,300.8,-645.2,174.7
1691012022.0,300.8,-645.6,174.5
1691012037.0,300.8,-645.6,174.5
1691012052.0,296.7,-645.7,179.4
1691012067.0,301.4,-646.3,175.2
1691012082.0,301.6,-645.5,175.2
1691012097.0,302.8,-645.8,175.3
1691012112.0,300.9,-646.2,174.7
1691012127.0,299.5,-645.9,175.4
1691012142.0,301.2,-645.1,176.0
1691012157.0,300.5,-645.4,175.1
1691012172.0,301.0,-645.1,174.0
1691012187.0,300.7,-645.6,173.8
1691012202.0,300.6,-645.6,174.4
1691012217.0,300.8,-645.3,174.5
1691012232.0,302.2,-645.8,175.7
1691012247.0,301.3,-645.7,175.2
1691012262.0,302.1,-645.2,174.6
1691012277.0,300.1,-645.2,173.7
1691012292.0,302.2,-645.7,174.6
1691012307.0,300.1,-645.5,173.9
1691012322.0,301.3,-645.5,174.1
1691012337.0,301.1,-644.6,174.2
1691012352.0,301.5,-645.1,175.0
1691012367.0,299.9,-645.1,173.8
1691012382.0,300.3,-645.3,173.4
1691012397.0,300.9,-645.3,175.0
1691012412.0,299.3,-644.4,174.5
1691012427.0,300.5,-645.0,174.1
1691012442.0,299.9,-644.9,175.2
1691012457.0,300.5,-645.7,174.6
1691012472.0,299.1,-646.1,175.9
1691012487.0,301.2,-644.8,175.1
1691012502.0,301.1,-645.6,174.6
1691012517.0,300.9,-645.3,174.6
1691012532.0,299.9,-645.0,175.3
1691012547.0,299.3,-645.8,174.7
1691012562.0,299.9,-644.9,173.7
1691012577.0,300.3,-645.3,174.9
1691012592.0,299.7,-645.4,175.2
1691012607.0,298.9,-645.8,174.7
1691012622.0,299.9,-645.6,173.9
1691012637.0,300.2,-644.8,174.6
1691012652.0,300.5,-645.5,174.5
1691012667.0,302.1,-645.3,175.7
1691012682.0,301.2,-645.4,175.2
1691012697.0,301.6,-646.2,175.0
1691012712.0,301.7,-645.3,174.7
1691012727.0,301.3,-646.7,175.1
1691012742.0,299.7,-646.2,176.8
1691012757.0,300.4,-645.6,175.9
1691012772.0,299.9,-644.8,174.2
1691012787.0,301.2,-644.9,175.0
1691012802.0,300.1,-644.7,174.8
1691012817.0,300.3,-645.3,174.9
1691012832.0,301.2,-645.7,174.6
1691012847.0,300.5,-646.1,174.5
1691012862.0,299.2,-645.3,174.4
1691012877.0,301.6,-645.5,173.9
1691012892.0,300.6,-645.2,174.5
1691012907.0,301.1,-645.8,175.0
1691012922.0,301.0,-644.6,175.3
1691012937.0,300.8,-645.7,174.6
1691012952.0,300.6,-644.9,174.7
1691012967.0,299.5,-644.6,175.6
1691012982.0,299.6,-645.1,174.3
1691012997.0,301.4,-645.3,175.0
1691013012.0,299.9,-644.6,174.1
1691013027.0,301.9,-645.0,175.9
1691013042.0,299.9,-645.1,173.9
1691013057.0,300.7,-645.2,174.4
1691013072.0,300.9,-646.2,175.1
1691013087.0,300.1,-644.9,174.8
1691013102.0,301.7,-645.8,175.1
1691013117.0,301.4,-644.8,175.1
1691013132.0,301.6,-644.8,174.8
1691013147.0,300.8,-645.7,174.5
1691013162.0,299.0,-644.9,174.6
1691013177.0,301.2,-644.8,175.1
1691013192.0,300.1,-645.7,175.1
1691013207.0,301.1,-644.7,174.2
1691013222.0,301.3,-645.0,174.6
1691013237.0,300.7,-645.5,175.5
1691013252.0,301.5,-645.5,175.8
1691013267.0,299.9,-645.5,175.2
1691013282.0,300.2,-645.3,174.9
1691013297.0,300.1,-645.1,175.6
1691013312.0,300.4,-645.3,174.6
1691013327.0,301.0,-645.7,175.2
1691013342.0,300.4,-645.3,174.6
1691013357.0,300.7,-645.0,175.5
1691013372.0,300.7,-644.5,173.3
1691013387.0,300.9,-645.9,175.3
1691013402.0,299.4,-645.6,174.6
1691013417.0,301.9,-645.2,175.6
1691013432.0,300.6,-645.2,174.6
1691013447.0,301.1,-645.5,174.0
1691013462.0,301.0,-644.3,175.2
1691013477.0,300.8,-644.7,174.2
1691013492.0,300.8,-644.8,175.2
1691013507.0,301.2,-644.9,175.1
1691013522.0,301.2,-645.2,174.4
1691013537.0,299.5,-645.7,175.3
1691013552.0,300.3,-645.3,174.5
1691013567.0,300.1,-645.0,175.7
1691013582.0,300.6,-645.0,175.4
1691013597.0,300.0,-645.7,175.2
1691013612.0,299.5,-644.7,173.9
1691013627.0,300.9,-645.3,174.3
1691013642.0,300.8,-644.9,175.1
1691013657.0,300.6,-644.8,175.6
1691013672.0,300.9,-645.0,173.9
1691013687.0,299.9,-644.7,174.0
1691013702.0,301.6,-645.1,174.4
1691013717.0,300.2,-644.8,174.6
1691013732.0,300.7,-645.0,175.6
1691013747.0,300.6,-644.7,174.6
1691013762.0,302.2,-644.4,175.0
1691013777.0,300.7,-645.3,173.3
1691013792.0,301.4,-645.0,173.8
1691013807.0,301.4,-645.0,173.8
1691013822.0,300.7,-644.8,174.5
1691013837.0,299.6,-645.7,174.4
1691013852.0,300.4,-645.5,175.7
1691013867.0,301.8,-645.7,174.7
1691013882.0,301.1,-644.6,174.4
1691013897.0,301.1,-645.1,173.9
1691013912.0,302.0,-645.0,174.5
1691013927.0,299.4,-644.6,173.4
1691013942.0,300.4,-645.4,173.1
1691013957.0,300.3,-645.0,174.3
1691013972.0,300.5,-645.6,174.3
1691013987.0,298.5,-645.3,176.6
1691014002.0,300.7,-646.0,175.7
1691014017.0,301.0,-645.2,174.0
1691014032.0,300.4,-645.8,175.5
1691014047.0,300.1,-645.5,175.2
1691014062.0,301.2,-644.9,175.1
1691014077.0,301.7,-645.7,175.1
1691014092.0,301.1,-644.6,175.6
1691014107.0,300.7,-645.7,174.7
1691014122.0,298.9,-644.9,174.6
1691014137.0,300.6,-645.7,174.4
1691014152.0,301.2,-645.8,175.1
1691014167.0,300.6,-645.5,173.4
1691014182.0,299.8,-645.4,175.0
1691014197.0,301.0,-645.5,175.5
1691014212.0,301.5,-646.4,175.7
1691014227.0,300.1,-644.7,173.9
1691014242.0,300.5,-644.7,174.3
1691014257.0,299.8,-645.4,175.1
1691014272.0,300.8,-645.3,174.5
1691014287.0,301.7,-645.0,175.8
1691014302.0,300.2,-646.0,174.0
1691014317.0,301.5,-645.3,175.0
1691014332.0,302.2,-645.4,175.7
1691014347.0,302.0,-645.9,175.8
1691014362.0,302.2,-645.6,175.5
1691014377.0,300.6,-644.9,175.6
1691014392.0,301.5,-645.3,175.2
1691014407.0,301.1,-645.3,175.6
1691014422.0,300.3,-645.4,174.9
1691014437.0,299.6,-645.7,174.4
1691014452.0,301.1,-644.8,175.1
1691014467.0,301.8,-645.4,175.5
1691014482.0,300.6,-645.2,174.9
1691014497.0,300.7,-645.4,175.3
1691014512.0,299.5,-645.6,174.5
1691014527.0,300.8,-645.5,175.6
1691014542.0,300.4,-644.9,174.9
1691014557.0,300.3,-644.8,174.9
1691014572.0,300.8,-645.2,174.5
1691014587.0,299.9,-645.2,175.0
1691014602.0,301.0,-645.4,174.9
1691014617.0,300.7,-644.5,173.3
1691014632.0,301.5,-645.0,173.7
1691014647.0,301.2,-645.4,176.0
1691014662.0,299.9,-644.6,175.3
1691014677.0,299.8,-645.2,174.0
1691014692.0,300.6,-645.6,174.4
1691014707.0,299.9,-645.7,174.1
1691014722.0,300.0,-644.9,175.8
1691014737.0,300.9,-645.4,175.1
1691014752.0,301.5,-645.4,175.1
1691014767.0,300.7,-645.6,174.6
1691014782.0,301.2,-644.8,174.7
1691014797.0,298.7,-644.5,173.5
1691014812.0,301.0,-645.9,175.4
1691014827.0,300.4,-646.4,175.2
1691014842.0,300.6,-645.8,174.7
1691014857.0,299.7,-645.0,175.2
1691014872.0,300.6,-646.0,174.5
1691014887.0,300.7,-645.8,174.8
1691014902.0,301.2,-646.0,176.3
1691014917.0,301.2,-645.9,175.4
1691014932.0,299.9,-644.3,175.1
1691014947.0,301.0,-645.5,175.2
1691014962.0,301.7,-645.7,174.7
1691014977.0,300.6,-646.1,174.9
1691014992.0,298.4,-645.0,175.6
1691015007.0,299.6,-645.6,174.6
1691015022.0,300.6,-646.4,175.4
1691015037.0,302.5,-645.8,175.2
1691015052.0,300.3,-645.1,174.9
1691015067.0,300.7,-645.6,173.3
1691015082.0,301.1,-644.2,173.9
1691015097.0,301.1,-645.6,175.0
1691015112.0,300.2,-644.4,176.2
1691015127.0,299.9,-644.8,176.5
1691015142.0,299.9,-645.6,174.0
1691015157.0,298.6,-645.9,172.9
1691015172.0,300.6,-645.9,175.7
1691015187.0,300.6,-645.8,175.8
1691015202.0,300.1,-644.6,174.7
1691015217.0,300.5,-644.7,174.6
1691015232.0,300.4,-645.2,176.1
1691015247.0,300.0,-645.4,175.1
1691015262.0,300.8,-645.4,175.3
1691015277.0,300.8,-645.1,174.7
1691015292.0,301.5,-645.2,174.6
1691015307.0,301.9,-645.4,175.8
1691015322.0,300.7,-644.8,174.8
1691015337.0,301.9,-645.8,175.5
1691015352.0,299.4,-645.6,175.6
1691015367.0,300.7,-645.1,175.6
1691015382.0,299.9,-645.7,174.1
1691015397.0,300.6,-645.0,175.5
1691015412.0,301.4,-645.1,174.1
1691015427.0,300.5,-646.3,175.6
1691015442.0,299.7,-643.5,175.5
1691015457.0,300.8,-646.1,175.4
1691015472.0,299.8,-645.3,174.5
1691015487.0,300.5,-645.8,174.3
1691015502.0,300.8,-645.0,175.5
1691015517.0,299.9,-645.3,174.4
1691015532.0,302.0,-645.2,174.6
1691015547.0,301.3,-645.5,174.5
1691015562.0,301.5,-645.6,175.2
1691015577.0,300.8,-644.8,175.5
1691015592.0,298.6,-644.9,175.3
1691015607.0,300.4,-645.4,174.6
1691015622.0,300.5,-644.3,175.7
1691015637.0,301.6,-646.4,175.0
1691015652.0,301.5,-646.0,176.2
1691015667.0,300.7,-645.0,173.4
1691015682.0,301.3,-645.1,174.6
1691015697.0,301.0,-645.3,175.7
1691015712.0,300.7,-644.7,175.9
1691015727.0,300.4,-645.3,175.2
1691015742.0,300.0,-646.0,174.3
1691015757.0,298.2,-645.6,175.9
1691015772.0,302.2,-645.2,175.2
1691015787.0,301.5,-645.7,175.1
1691015802.0,299.5,-645.7,173.3
1691015817.0,301.7,-646.2,174.7
1691015847.0,301.0,-645.2,175.7
1691015862.0,300.2,-645.4,175.1
1691015877.0,300.6,-644.6,175.3
1691015892.0,299.8,-645.2,176.6
1691015907.0,299.9,-645.7,174.0
1691015922.0,301.1,-646.2,175.8
1691015937.0,302.0,-645.7,175.8
1691015952.0,301.3,-645.2,174.2
1691015967.0,301.8,-644.6,174.4
1691015982.0,301.2,-644.4,175.3
1691015997.0,301.4,-645.0,175.1
1691016012.0,300.3,-645.1,173.8
1691016027.0,300.7,-645.1,173.9
1691016042.0,301.5,-645.1,174.4
1691016057.0,299.9,-644.8,176.0
1691016072.0,299.8,-645.7,176.4
1691016087.0,300.0,-646.1,176.0
1691016102.0,298.1,-644.9,175.6
1691016117.0,301.2,-645.7,175.8
1691016132.0,301.2,-646.0,175.4
1691016147.0,300.8,-644.6,175.5
1691016162.0,300.7,-645.8,175.7
1691016177.0,301.4,-645.4,175.8
1691016192.0,299.7,-644.9,172.9
1691016207.0,300.0,-644.5,176.3
1691016222.0,301.8,-645.2,174.8
1691016237.0,301.3,-644.8,174.2
1691016252.0,299.7,-645.2,174.6
1691016267.0,299.7,-644.3,173.8
1691016282.0,299.4,-643.8,173.2
1691016297.0,298.5,-643.2,173.6
1691016312.0,300.2,-645.1,174.5
1691016327.0,299.5,-644.3,175.5
1691016342.0,302.2,-644.6,175.8
1691016357.0,300.1,-645.0,174.2
1691016372.0,297.8,-647.1,181.0
1691016387.0,300.6,-644.7,177.1
1691016402.0,300.2,-644.1,173.9
1691016417.0,300.0,-644.4,175.4
1691016432.0,300.9,-645.4,176.4
1691016447.0,299.8,-645.3,175.1
1691016462.0,299.8,-644.0,176.4
1691016477.0,297.8,-646.2,176.0
1691016492.0,300.8,-645.2,177.7
1691016507.0,299.7,-644.7,174.4
1691016522.0,299.0,-645.1,173.6
1691016537.0,298.2,-644.5,175.6
1691016552.0,299.9,-645.9,175.1
1691016567.0,296.5,-646.8,175.4
1691016582.0,300.5,-645.1,175.8
1691016597.0,300.7,-646.0,175.2
1691016612.0,302.3,-644.9,175.3
1691016627.0,302.5,-645.8,175.6
1691016642.0,300.4,-646.1,173.9
1691016657.0,301.5,-645.5,176.0
1691016672.0,300.9,-645.7,175.8
1691016687.0,300.8,-645.2,174.7
1691016702.0,302.9,-645.8,176.0
1691016717.0,301.7,-646.3,175.3
1691016732.0,299.4,-644.6,174.1
1691016747.0,302.0,-645.2,174.4
1691016762.0,301.0,-645.0,173.3
1691016777.0,300.4,-645.0,173.7
1691016792.0,300.9,-645.1,174.3
1691016807.0,300.3,-646.3,175.1
1691016822.0,300.9,-645.9,175.3
1691016837.0,300.8,-646.1,176.6
1691016852.0,299.9,-645.1,176.5
1691016867.0,298.4,-643.6,176.1
1691016882.0,299.3,-644.7,175.1
1691016897.0,299.9,-644.3,176.8
1691016912.0,299.8,-646.2,174.4
1691016927.0,298.6,-643.5,174.6
1691016942.0,298.9,-644.0,174.2
1691016957.0,300.8,-644.2,175.4
1691016972.0,300.8,-643.5,176.7
1691016987.0,300.2,-644.7,173.8
1691017002.0,302.6,-644.1,174.4
1691017017.0,301.5,-646.0,175.5
1691017032.0,301.9,-645.0,174.7
1691017047.0,301.5,-646.2,175.1
1691017062.0,299.8,-646.5,174.2
1691017077.0,300.2,-644.7,174.5
1691017092.0,300.1,-644.9,174.1
1691017107.0,300.7,-645.9,177.3
1691017122.0,300.5,-645.5,174.6
1691017137.0,300.8,-645.2,175.6
1691017152.0,301.8,-644.8,176.1
1691017167.0,301.9,-645.8,175.8
1691017182.0,299.0,-643.5,174.8
1691017197.0,299.1,-644.0,175.3
1691017212.0,301.6,-645.5,176.2
1691017227.0,299.8,-645.6,174.2
1691017242.0,299.3,-644.5,175.4
1691017257.0,300.4,-644.4,176.1
1691017272.0,299.9,-645.7,175.4
1691017287.0,306.5,-655.2,178.8
1691017302.0,301.1,-645.8,174.8
1691017317.0,300.8,-646.2,174.7
1691017332.0,301.7,-645.8,175.8
1691017347.0,300.1,-644.4,175.4
1691017362.0,301.1,-645.7,174.5
1691017377.0,300.2,-644.9,175.0
1691017392.0,298.6,-645.0,178.5
1691017407.0,300.2,-646.0,173.4
1691017422.0,298.9,-643.9,174.9
1691017437.0,301.2,-644.9,175.1
1691017452.0,302.8,-644.5,176.0
1691017467.0,299.8,-643.3,174.7
1691017482.0,300.3,-644.8,174.8
1691017497.0,300.1,-644.6,173.4
1691017512.0,300.2,-645.6,174.0
1691017527.0,300.5,-646.1,174.6
1691017542.0,301.7,-645.1,174.9
1691017557.0,300.5,-645.9,173.3
1691017572.0,299.9,-643.7,176.0
1691017587.0,301.3,-645.2,175.2
1691017602.0,299.6,-646.0,176.8
1691017617.0,301.5,-645.8,176.3
1691017632.0,301.4,-644.4,175.0
1691017647.0,301.7,-645.6,176.2
1691017662.0,302.7,-646.4,176.5
1691017677.0,300.0,-645.5,174.1
1691017692.0,300.8,-645.8,175.4
1691017707.0,298.8,-645.3,177.4
1691017722.0,301.3,-644.9,175.1
1691017737.0,299.5,-644.8,174.3
1691017752.0,300.3,-645.7,174.5
1691017767.0,301.3,-644.8,176.3
1691017782.0,301.6,-645.5,176.0
1691017797.0,300.7,-645.2,174.8
1691017812.0,300.5,-645.3,174.9
1691017827.0,300.8,-645.2,174.0
1691017842.0,301.4,-645.3,175.0
1691017857.0,301.3,-645.1,175.2
1691017872.0,302.1,-645.2,174.5
1691017887.0,301.4,-645.8,175.0
1691017902.0,302.0,-644.3,174.5
1691017917.0,301.9,-644.6,174.7
1691017932.0,302.3,-645.7,175.3
1691017947.0,300.9,-645.7,174.5
1691017962.0,300.0,-644.7,175.9
1691017977.0,300.3,-645.4,175.1
1691017992.0,300.3,-645.3,174.7
1691018007.0,301.5,-645.3,175.0
1691018022.0,299.8,-645.2,173.9
1691018037.0,300.1,-644.4,174.7
1691018052.0,302.3,-645.9,175.8
1691018067.0,301.3,-644.7,175.0
1691018082.0,301.3,-644.7,174.0
1691018097.0,301.3,-645.7,175.0
1691018112.0,301.0,-645.4,173.5
1691018127.0,300.3,-645.9,176.2
1691018142.0,300.7,-645.5,175.4
1691018157.0,298.6,-644.0,171.4
1691018172.0,302.9,-645.6,174.8
1691018187.0,300.6,-646.4,175.0
1691018202.0,300.9,-645.0,173.4
1691018217.0,298.4,-644.9,173.1
1691018232.0,300.9,-645.8,175.5
1691018247.0,297.7,-645.5,173.5
1691018262.0,300.3,-645.5,173.3
1691018277.0,300.1,-645.5,173.6
1691018292.0,300.0,-644.8,174.5
1691018307.0,302.3,-644.7,174.5
1691018322.0,300.5,-645.0,173.8
1691018337.0,300.6,-645.6,173.7
1691018352.0,301.4,-645.2,174.9
1691018367.0,300.9,-644.1,173.5
1691018382.0,300.9,-644.6,174.2
1691018397.0,300.0,-644.6,175.1
1691018412.0,300.0,-645.4,174.9
1691018427.0,301.4,-645.4,175.1
1691018442.0,301.2,-645.4,175.2
1691018457.0,301.1,-645.0,175.1
1691018472.0,300.3,-646.1,175.0
1691018487.0,301.0,-644.4,174.1
1691018502.0,301.6,-645.3,174.9
1691018517.0,299.5,-644.8,174.5
1691018532.0,300.3,-645.5,175.6
1691018547.0,300.4,-644.6,175.0
1691018562.0,299.6,-644.8,174.3
1691018577.0,300.8,-645.5,175.7
1691018592.0,300.9,-646.1,174.2
1691018607.0,301.3,-645.4,175.2
1691018622.0,302.0,-645.2,174.7
1691018637.0,301.4,-645.7,175.0
1691018652.0,300.1,-645.6,176.6
1691018667.0,299.2,-645.2,174.6
1691018682.0,300.9,-646.3,175.1
1691018697.0,301.1,-646.1,176.6
1691018712.0,301.1,-645.5,173.4
1691018727.0,302.4,-645.1,173.9
1691018742.0,302.3,-644.8,175.4
1691018757.0,300.8,-646.1,174.3
1691018772.0,302.0,-646.2,176.9
1691018787.0,300.2,-645.9,175.1
1691018802.0,300.6,-646.5,176.0
1691018817.0,301.7,-645.7,175.1
1691018832.0,300.9,-645.7,174.5
1691018847.0,302.8,-645.0,176.2
1691018862.0,302.5,-645.8,175.9
1691018877.0,301.3,-645.6,175.7
1691018892.0,301.9,-645.3,174.8
1691018907.0,300.4,-645.1,173.9
1691018922.0,300.1,-645.6,173.8
1691018937.0,301.1,-645.0,176.4
1691018952.0,301.7,-645.5,173.5
1691018967.0,302.0,-645.2,174.5
1691018982.0,300.9,-644.9,175.2
1691018997.0,301.1,-645.6,174.2
1691019012.0,302.2,-645.8,175.7
1691019027.0,301.6,-645.4,174.8
1691019042.0,301.3,-645.5,174.0
1691019057.0,300.6,-644.7,174.4
1691019072.0,300.6,-645.8,175.6
1691019087.0,299.6,-645.0,173.3
1691019102.0,300.5,-646.2,174.8
1691019117.0,299.3,-644.6,173.4
1691019132.0,302.6,-644.4,175.4
1691019147.0,303.0,-645.7,175.2
1691019162.0,301.0,-645.8,174.4
1691019177.0,301.3,-645.3,175.1
1691019192.0,300.2,-644.1,176.0
1691019207.0,300.0,-645.6,176.2
1691019222.0,300.9,-645.1,175.6
1691019237.0,299.7,-645.3,175.5
1691019252.0,301.6,-645.8,175.2
1691019267.0,299.6,-644.5,173.1
1691019282.0,302.9,-645.6,175.8
1691019297.0,301.1,-645.2,176.5
1691019312.0,301.2,-645.9,175.9
1691019327.0,301.2,-645.6,176.2
1691019342.0,301.4,-645.9,175.5
1691019357.0,302.0,-645.0,175.5
1691019372.0,301.4,-645.4,175.1
1691019387.0,301.0,-645.2,174.6
1691019402.0,299.9,-645.9,175.3
1691019417.0,301.9,-645.0,175.6
1691019432.0,300.1,-644.9,175.1
1691019447.0,299.8,-645.3,172.8
1691019462.0,302.9,-645.6,174.7
1691019492.0,301.5,-645.8,175.2
1691019507.0,300.9,-645.7,174.5
1691019522.0,302.5,-645.6,176.8
1691019537.0,302.2,-646.0,175.9
1691019552.0,302.1,-646.0,175.9
1691019567.0,301.1,-646.4,175.8
1691019582.0,301.4,-646.4,175.4
1691019597.0,300.7,-645.8,174.6
1691019612.0,301.5,-645.6,174.8
1691019627.0,300.7,-645.8,174.6
1691019642.0,299.9,-646.2,174.3
1691019657.0,300.8,-645.4,175.1
1691019672.0,300.4,-644.5,175.8
1691019687.0,302.2,-645.9,176.7
1691019702.0,300.4,-644.7,175.8
1691019717.0,300.8,-645.3,175.8
1691019732.0,300.9,-645.4,175.6
1691019747.0,300.2,-644.6,175.2
1691019762.0,297.8,-645.9,176.0
1691019777.0,300.6,-645.0,175.4
1691019792.0,300.6,-644.9,174.8
1691019807.0,300.8,-645.2,174.5
1691019822.0,300.2,-645.1,177.4
1691019837.0,300.9,-645.6,175.9
1691019852.0,300.6,-645.4,174.9
1691019867.0,299.5,-645.5,173.2
1691019882.0,299.2,-645.1,173.4
1691019897.0,301.0,-646.2,175.0
1691019912.0,302.0,-645.0,175.6
1691019927.0,300.5,-645.1,173.8
1691019942.0,298.7,-644.7,173.9
1691019957.0,299.8,-644.7,175.7
1691019972.0,300.1,-645.4,174.9
1691019987.0,301.3,-645.2,174.1
1691020002.0,301.1,-645.0,174.0
1691020017.0,300.6,-644.2,173.7
1691020032.0,301.5,-645.1,174.7
1691020047.0,301.8,-645.0,175.6
1691020062.0,300.2,-646.2,174.8
1691020077.0,299.9,-644.6,174.0
1691020092.0,301.0,-644.5,173.9
1691020107.0,302.0,-645.4,175.2
1691020122.0,301.3,-644.7,174.0
1691020137.0,299.5,-645.3,176.2
1691020152.0,300.3,-644.2,174.5
1691020167.0,300.4,-644.3,173.4
1691020182.0,300.7,-644.1,175.5
1691020197.0,302.1,-645.3,175.6
1691020212.0,301.5,-645.9,175.2
1691020227.0,301.5,-645.5,176.0
1691020242.0,300.7,-644.6,175.0
1691020257.0,300.9,-645.2,174.5
1691020272.0,300.9,-645.1,173.4
1691020287.0,302.0,-644.3,174.6
1691020302.0,298.4,-644.3,174.9
1691020317.0,299.9,-645.5,177.1
1691020332.0,300.0,-644.5,173.9
1691020347.0,300.5,-643.8,174.5
1691020362.0,300.0,-645.7,175.0
1691020377.0,300.3,-644.2,173.6
1691020392.0,301.0,-646.3,175.1
1691020407.0,301.4,-646.2,175.7
1691020422.0,300.9,-645.0,175.3
1691020437.0,300.1,-644.8,175.0
1691020452.0,300.7,-644.8,174.4
1691020467.0,300.3,-644.3,175.5
1691020482.0,300.3,-644.0,173.4
1691020497.0,300.6,-645.5,172.9
1691020512.0,300.8,-644.9,173.8
1691020527.0,301.3,-644.2,174.7
1691020542.0,300.7,-644.5,174.5
1691020557.0,300.4,-645.1,174.5
1691020572.0,300.2,-644.7,174.9
1691020587.0,301.1,-645.1,176.8
1691020602.0,300.0,-644.1,176.0
1691020617.0,298.3,-644.3,175.1
1691020632.0,301.6,-645.6,176.3
1691020647.0,301.1,-645.3,173.3
1691020662.0,299.7,-645.6,173.8
1691020677.0,300.7,-645.6,175.9
1691020692.0,301.6,-645.8,174.7
1691020707.0,301.6,-644.4,175.8
1691020722.0,296.6,-644.8,170.2
1691020737.0,299.5,-645.3,174.8
1691020752.0,301.3,-647.1,176.4
1691020767.0,298.0,-644.9,174.3
1691020782.0,300.6,-644.8,174.4
1691020797.0,300.3,-644.8,174.6
1691020812.0,298.8,-645.4,174.9
1691020827.0,299.3,-644.5,173.2
1691020842.0,302.4,-645.6,175.2
1691020857.0,299.1,-645.7,174.4
1691020872.0,301.9,-644.9,175.6
1691020887.0,298.9,-645.4,173.2
1691020902.0,301.0,-644.6,174.4
1691020917.0,301.8,-644.8,175.0
1691020932.0,299.6,-644.4,174.6
1691020947.0,300.7,-644.4,174.6
1691020962.0,301.9,-644.6,174.5
1691020977.0,300.6,-645.4,177.4
1691020992.0,301.6,-645.4,175.6
1691021007.0,300.4,-645.2,175.1
1691021022.0,302.8,-645.7,176.5
1691021037.0,300.3,-645.2,174.9
1691021052.0,301.8,-644.7,174.2
1691021067.0,299.7,-645.6,176.3
1691021082.0,301.5,-644.7,175.0
1691021097.0,299.7,-644.8,174.7
1691021112.0,301.0,-644.5,173.3
1691021127.0,300.0,-645.8,175.1
1691021142.0,300.8,-646.2,175.2
1691021157.0,300.6,-645.4,174.5
1691021172.0,300.6,-645.6,174.5
1691021187.0,301.3,-644.6,173.9
1691021202.0,301.2,-645.9,175.6
1691021217.0,300.7,-644.8,175.4
1691021232.0,301.1,-645.7,174.5
1691021247.0,300.4,-644.4,174.7
1691021262.0,301.3,-645.1,174.8
1691021277.0,301.4,-646.3,175.2
1691021292.0,301.2,-645.5,175.2
1691021307.0,300.9,-644.7,175.6
1691021322.0,300.0,-645.6,174.6
1691021337.0,299.9,-645.6,174.0
1691021352.0,299.6,-644.7,173.8
1691021367.0,299.8,-645.5,173.7
1691021382.0,299.6,-645.9,173.3
1691021397.0,299.2,-644.4,174.1
1691021412.0,301.6,-645.8,175.1
1691021427.0,302.7,-645.2,175.3
1691021442.0,301.2,-645.4,175.6
1691021457.0,302.3,-645.7,174.7
1691021472.0,301.2,-645.4,175.7
1691021487.0,299.6,-645.3,175.5
1691021502.0,300.6,-646.1,174.7
1691021517.0,301.1,-643.6,174.8
1691021532.0,301.5,-645.4,175.3
1691021547.0,299.4,-644.6,174.1
1691021562.0,300.9,-644.7,174.8
1691021577.0,298.3,-645.0,176.9
1691021592.0,299.8,-645.6,174.7
1691021607.0,299.8,-645.2,174.9
1691021622.0,298.6,-645.3,177.4
1691021637.0,299.1,-645.3,174.5
1691021652.0,298.9,-644.9,175.0
1691021667.0,300.0,-646.2,175.8
1691021682.0,300.0,-645.3,176.2
1691021697.0,300.5,-644.6,174.6
1691021712.0,301.6,-644.9,174.8
1691021727.0,299.5,-644.3,171.9
1691021742.0,300.3,-643.4,174.3
1691021757.0,299.7,-643.7,175.8
1691021772.0,299.6,-644.3,174.5
1691021787.0,299.7,-642.9,175.8
1691021802.0,298.8,-644.8,173.0
1691021817.0,299.7,-644.4,174.5
1691021832.0,300.8,-644.9,173.9
1691021847.0,300.9,-644.2,174.3
1691021862.0,299.0,-644.7,173.9
1691021877.0,298.1,-645.0,174.9
1691021892.0,300.1,-644.7,177.0
1691021907.0,299.2,-644.5,174.3
1691021922.0,298.8,-645.7,174.6
1691021937.0,298.6,-644.6,175.3
1691021952.0,302.1,-644.6,175.2
1691021967.0,299.8,-643.9,175.6
1691021982.0,298.9,-644.7,173.5
1691021997.0,300.8,-644.4,174.1
1691022012.0,300.9,-644.9,173.3
1691022027.0,301.2,-645.8,176.1
1691022042.0,301.1,-645.0,175.5
1691022057.0,299.9,-644.8,174.1
1691022072.0,301.3,-645.8,175.0
1691022087.0,300.7,-645.9,175.6
1691022102.0,300.3,-644.9,176.2
1691022117.0,298.3,-643.3,173.8
1691022132.0,298.4,-644.2,173.6
1691022147.0,301.5,-646.5,175.8
1691022162.0,300.4,-644.7,177.4
1691022177.0,301.3,-644.6,176.3
1691022192.0,301.8,-644.9,175.9
1691022207.0,301.3,-645.3,175.8
1691022222.0,301.3,-645.9,175.3
1691022237.0,298.9,-645.2,173.8
1691022252.0,300.7,-645.2,174.6
1691022267.0,300.1,-644.6,177.0
1691022282.0,302.3,-646.9,175.9
1691022297.0,300.8,-645.4,175.9
1691022312.0,299.3,-644.4,173.2
1691022327.0,301.6,-645.7,175.1
1691022342.0,301.3,-644.8,175.2
1691022357.0,299.6,-644.8,173.3
1691022372.0,302.0,-646.3,174.7
1691022387.0,301.1,-645.4,174.2
1691022402.0,296.4,-644.0,173.1
1691022417.0,299.0,-644.2,173.4
1691022432.0,297.6,-644.2,174.5
1691022447.0,301.3,-645.1,175.1
1691022462.0,302.1,-645.4,175.3
1691022477.0,301.7,-645.7,175.9
1691022492.0,298.8,-644.7,172.7
1691022507.0,298.9,-644.2,173.2
1691022522.0,300.8,-644.2,174.0
1691022537.0,299.2,-645.1,174.4
1691022552.0,301.2,-645.0,176.5
1691022567.0,299.5,-644.2,175.4
1691022582.0,299.9,-645.5,175.1
1691022597.0,301.4,-644.7,173.4
1691022612.0,300.0,-644.3,173.9
1691022627.0,301.0,-645.2,175.2
1691022642.0,300.3,-644.9,174.8
1691022657.0,301.6,-644.5,174.0
1691022672.0,297.9,-645.4,172.3
1691022687.0,300.2,-645.0,175.7
1691022702.0,298.5,-645.3,174.1
1691022717.0,299.3,-643.9,174.1
1691022732.0,298.6,-644.2,171.5
1691022747.0,300.7,-644.9,172.8
1691022762.0,300.7,-644.6,172.8
1691022777.0,300.8,-645.0,175.1
1691022792.0,298.8,-645.4,172.6
1691022807.0,301.5,-645.4,174.6
1691022822.0,301.5,-646.1,175.1
1691022837.0,302.4,-644.9,175.3
1691022852.0,300.5,-644.6,173.8
1691022867.0,300.5,-644.5,174.4
1691022882.0,300.4,-644.3,173.3
1691022897.0,298.9,-646.0,176.2
1691022912.0,300.9,-644.4,175.4
1691022927.0,300.2,-645.0,175.3
1691022942.0,300.0,-644.8,174.1
1691022957.0,300.0,-645.5,173.8
1691022972.0,300.0,-645.9,173.8
1691022987.0,300.6,-644.9,175.6
1691023002.0,300.1,-645.8,173.8
1691023017.0,299.7,-644.5,172.9
1691023032.0,301.2,-645.0,174.7
1691023047.0,301.4,-645.6,176.5
1691023062.0,300.1,-644.9,174.1
1691023077.0,301.9,-646.2,175.1
1691023092.0,301.1,-645.3,173.4
1691023107.0,301.0,-645.3,175.0
1691023137.0,300.9,-645.2,174.7
1691023152.0,299.7,-646.3,175.3
1691023167.0,300.5,-645.4,176.9
1691023182.0,302.0,-645.4,175.9
1691023197.0,298.5,-644.4,174.2
1691023212.0,298.7,-644.4,172.3
1691023227.0,301.8,-645.6,174.4
1691023242.0,302.4,-645.9,175.7
1691023257.0,302.7,-645.5,176.4
1691023272.0,300.6,-645.2,174.6
1691023287.0,300.4,-645.2,173.9
1691023302.0,301.1,-645.2,176.7
1691023317.0,299.8,-645.3,174.5
1691023332.0,301.6,-645.5,176.2
1691023347.0,301.5,-645.4,175.4
1691023362.0,301.4,-645.8,175.2
1691023377.0,301.0,-646.4,175.8
1691023392.0,299.2,-645.3,175.1
1691023407.0,302.1,-645.7,177.1
1691023422.0,302.6,-646.1,175.9
1691023437.0,301.0,-645.2,174.6
1691023452.0,301.8,-645.9,175.8
1691023467.0,301.0,-644.9,173.3
1691023482.0,301.5,-645.5,176.1
1691023497.0,301.5,-646.4,176.4
1691023512.0,300.5,-646.8,174.9
1691023527.0,300.7,-645.5,175.4
1691023542.0,301.6,-646.0,175.8
1691023557.0,299.4,-644.9,174.8
1691023572.0,300.4,-645.1,175.5
1691023587.0,301.1,-645.4,175.4
1691023602.0,302.1,-645.4,175.7
1691023617.0,300.1,-646.3,177.7
1691023632.0,299.0,-646.2,174.8
1691023647.0,300.5,-645.7,174.6
1691023662.0,299.5,-645.9,174.5
1691023677.0,298.7,-645.1,175.1
1691023692.0,299.7,-645.5,173.6
1691023707.0,303.1,-646.1,177.1
1691023722.0,301.0,-646.5,175.2
1691023737.0,301.4,-645.5,175.9
1691023752.0,302.1,-646.7,176.0
1691023767.0,301.2,-645.7,174.1
1691023782.0,301.4,-645.9,175.0
1691023797.0,297.9,-644.6,173.3
1691023812.0,299.3,-644.6,176.5
1691023827.0,300.8,-643.7,176.5
1691023842.0,301.6,-646.6,176.4
1691023857.0,299.7,-645.7,172.7
1691023872.0,300.1,-646.2,178.0
1691023887.0,300.7,-645.9,177.3
1691023902.0,299.9,-645.6,174.0
1691023917.0,300.4,-647.0,178.7
1691023932.0,298.8,-645.8,175.0
1691023947.0,298.6,-644.0,175.0
1691023962.0,300.4,-645.7,173.8
1691023977.0,298.6,-645.6,174.0
1691023992.0,300.7,-645.5,176.0
1691024007.0,299.0,-644.1,172.4
1691024022.0,299.7,-645.0,172.9
1691024037.0,299.9,-644.7,173.8
1691024052.0,301.4,-646.1,175.0
1691024067.0,301.4,-645.6,175.1
1691024082.0,301.5,-644.8,175.2
1691024097.0,301.4,-644.8,175.3
1691024112.0,300.1,-644.7,173.2
1691024127.0,302.4,-644.6,175.1
1691024142.0,299.2,-644.2,173.4
1691024157.0,300.4,-643.5,176.6
1691024172.0,299.1,-646.3,174.8
1691024187.0,299.5,-646.0,173.4
1691024202.0,301.4,-645.4,177.1
1691024217.0,301.0,-645.3,174.6
1691024232.0,302.1,-645.4,175.9
1691024247.0,299.3,-645.1,177.6
1691024262.0,300.7,-645.4,176.7
1691024277.0,302.2,-645.3,174.6
1691024292.0,300.8,-645.4,175.9
1691024307.0,298.8,-645.1,175.1
1691024322.0,301.5,-646.0,175.7
1691024337.0,301.1,-643.8,175.3
1691024352.0,300.3,-646.3,174.7
1691024367.0,300.6,-645.3,176.9
1691024382.0,298.9,-644.1,175.6
1691024397.0,299.6,-644.9,176.2
1691024412.0,300.4,-645.7,175.9
1691024427.0,300.6,-645.0,174.9
1691024442.0,300.7,-645.0,175.2
1691024457.0,298.8,-645.6,173.8
1691024472.0,299.6,-644.8,175.0
1691024487.0,299.4,-643.8,172.6
1691024502.0,297.8,-645.4,173.4
1691024517.0,300.5,-644.9,174.6
1691024532.0,303.9,-645.2,175.3
1691024547.0,300.1,-644.2,175.3
1691024562.0,300.3,-644.2,175.1
1691024577.0,302.3,-645.6,175.2
1691024592.0,299.8,-645.2,175.1
1691024607.0,300.6,-645.7,177.2
1691024622.0,300.2,-644.7,176.6
1691024637.0,301.8,-643.2,177.2
1691024652.0,300.7,-644.2,176.9
1691024667.0,301.9,-646.4,176.5
1691024682.0,302.1,-645.0,176.2
1691024697.0,301.9,-643.4,173.9
1691024712.0,301.7,-644.2,174.2
1691024727.0,298.9,-645.2,174.2
1691024742.0,299.6,-644.7,176.9
1691024757.0,302.3,-644.6,173.9
1691024772.0,300.1,-644.2,176.7
1691024787.0,301.8,-643.2,176.5
1691024802.0,302.3,-643.7,175.2
1691024817.0,300.1,-644.6,175.5
1691024832.0,302.4,-643.3,176.7
1691024847.0,299.9,-645.5,175.3
1691024862.0,300.8,-642.8,175.6
1691024877.0,301.3,-642.6,175.0
1691024892.0,299.9,-644.6,175.4
1691024907.0,299.1,-644.3,175.6
1691024922.0,300.0,-645.4,176.0
1691024937.0,300.1,-646.7,175.2
1691024952.0,296.7,-645.1,171.6
1691024967.0,289.1,-649.1,187.9
1691024982.0,293.1,-645.4,166.1
1691024997.0,nan,nan,nan
1691025012.0,195.9,-531.3,-72.9
1691025027.0,300.0,-645.0,173.4
1691025042.0,287.9,-643.8,178.4
1691025057.0,281.2,-648.6,185.3
1691025072.0,640.8,-431.6,-240.6
1691025087.0,292.2,-623.3,71.0
1691025102.0,499.7,-401.3,139.0
1691025117.0,nan,nan,nan
1691025132.0,nan,nan,nan
1691025147.0,281.5,-644.5,157.7
1691025162.0,300.9,-645.2,175.2
1691025177.0,302.6,-651.3,173.3
1691025192.0,302.4,-642.1,175.5
1691025207.0,313.8,-674.9,172.8
1691025222.0,303.1,-644.7,177.1
1691025237.0,292.4,-648.2,184.9
1691025252.0,302.0,-645.6,173.6
1691025267.0,302.4,-647.3,176.4
1691025282.0,286.2,-649.2,189.5
1691025297.0,286.2,-650.6,188.9
1691025312.0,301.4,-642.4,175.1
1691025327.0,nan,nan,nan
1691025342.0,296.8,-350.0,305.7
1691025357.0,276.6,-639.0,151.2
1691025372.0,291.4,-649.3,184.5
1691025387.0,273.8,-664.3,409.0
1691025402.0,735.1,-599.5,66.6
1691025417.0,302.0,-646.1,176.4
1691025432.0,301.5,-644.7,177.9
1691025447.0,290.4,-643.2,165.6
1691025462.0,271.1,-615.5,71.2
1691025477.0,292.9,-649.2,186.4
1691025492.0,302.5,-639.9,176.0
1691025507.0,301.1,-645.0,174.7
1691025522.0,304.8,-650.6,173.5
1691025537.0,302.0,-649.7,174.9
1691025552.0,302.7,-642.1,174.7
1691025567.0,302.0,-645.0,175.5
1691025582.0,294.8,-649.6,182.3
1691025597.0,564.3,-542.3,168.1
1691025612.0,303.0,-648.3,175.9
1691025627.0,300.5,-645.0,175.7
1691025642.0,286.9,-649.7,184.2
1691025657.0,213.4,-646.4,114.5
1691025672.0,5.1,-316.7,-147.1
1691025687.0,287.1,-645.5,167.0
1691025702.0,298.5,-642.6,177.1
1691025717.0,-348.5,-569.4,-16.6
1691025732.0,305.8,-590.1,13.1
1691025747.0,341.2,-705.5,185.9
1691025762.0,279.1,-654.1,197.9
1691025777.0,303.5,-644.3,175.5
1691025792.0,304.5,-645.3,175.1
1691025807.0,303.7,-644.5,176.0
1691025822.0,279.0,-610.5,153.5
1691025837.0,-422.6,-589.0,175.7
1691025852.0,297.2,-647.0,175.7
1691025867.0,245.3,-598.3,22.8
1691025882.0,300.1,-647.4,176.0
1691025897.0,292.1,-643.7,166.5
1691025912.0,186.8,-446.3,228.6
1691025927.0,301.8,-643.5,173.1
1691025942.0,281.1,-640.0,156.0
1691025957.0,280.1,-638.8,158.1
1691025972.0,nan,nan,nan
1691025987.0,390.1,-486.6,190.5
1691026002.0,305.9,-633.5,173.8
1691026017.0,304.6,-647.1,175.5
1691026032.0,432.7,-524.8,134.9
1691026047.0,295.4,-645.8,176.0
1691026062.0,296.7,-648.1,177.9
1691026077.0,289.7,-648.1,179.8
1691026092.0,286.3,-650.1,185.9
1691026107.0,309.9,-646.4,241.3
1691026122.0,297.7,-646.0,174.0
1691026137.0,288.2,-648.6,187.1
1691026152.0,272.8,-632.5,198.9
1691026167.0,281.9,-635.9,158.4
1691026182.0,280.4,-652.0,188.9
1691026197.0,284.1,-640.4,158.8
1691026212.0,301.2,-642.0,174.4
1691026227.0,290.0,-646.0,181.8
1691026242.0,475.3,-553.1,88.5
1691026257.0,300.5,-643.3,172.3
1691026272.0,295.5,-647.7,181.8
1691026287.0,300.0,-643.7,176.2
1691026302.0,296.8,-642.9,174.8
1691026317.0,288.9,-649.4,190.8
1691026332.0,294.7,-644.5,169.5
1691026347.0,219.3,-617.0,258.4
1691026362.0,300.6,-643.2,175.1
1691026377.0,285.0,-646.5,189.5
1691026392.0,288.2,-649.2,189.3
1691026407.0,298.9,-646.5,175.7
1691026422.0,nan,nan,nan
1691026437.0,302.4,-645.1,174.8
1691026452.0,292.0,-649.6,192.6
1691026467.0,304.4,-642.7,174.2
1691026482.0,299.9,-645.0,174.0
1691026497.0,292.1,-641.5,164.3
1691026512.0,301.6,-649.7,177.8
1691026527.0,nan,nan,nan
1691026542.0,300.8,-644.3,174.5
1691026557.0,295.3,-646.2,175.3
1691026572.0,286.5,-650.0,187.4
1691026587.0,286.0,-647.9,186.8
1691026602.0,286.7,-651.0,185.9
1691026617.0,496.6,-255.7,358.1
1691026632.0,274.7,-649.5,140.0
1691026647.0,299.8,-643.6,176.6
1691026662.0,302.0,-646.3,175.2
1691026677.0,298.5,-644.0,173.1
1691026692.0,164.6,-617.6,83.9
1691026707.0,857.8,-196.5,500.0
1691026722.0,302.1,-643.3,174.4
1691026737.0,497.9,-269.8,327.9
1691026752.0,299.7,-645.7,174.7
1691026767.0,297.1,-644.9,177.9
1691026797.0,969.1,-228.8,500.0
1691026812.0,289.5,-648.7,182.2
1691026827.0,287.7,-651.3,191.7
1691026842.0,304.0,-631.6,173.9
1691026857.0,856.6,-172.5,488.9
1691026872.0,295.7,-633.7,175.8
1691026887.0,305.7,-592.8,186.3
1691026902.0,223.8,-570.4,42.4
1691026917.0,295.4,-645.8,177.7
1691026932.0,334.4,-635.4,276.5
1691026947.0,287.4,-650.1,190.3
1691026962.0,302.2,-649.4,176.2
1691026977.0,290.9,-650.0,191.5
1691026992.0,332.1,-603.8,124.8
1691027007.0,302.9,-643.4,176.3
1691027022.0,301.6,-646.2,172.7
1691027037.0,276.9,-627.6,187.7
1691027052.0,303.4,-629.8,173.2
1691027067.0,299.3,-639.0,171.5
1691027082.0,303.4,-646.7,175.9
1691027097.0,301.5,-647.3,175.1
1691027112.0,302.7,-638.2,175.3
1691027127.0,292.8,-648.5,182.4
1691027142.0,-338.6,-392.0,-46.4
1691027157.0,230.7,-597.8,101.1
1691027172.0,302.6,-645.9,177.0
1691027187.0,474.3,-28.9,475.4
1691027202.0,416.4,-556.6,106.5
1691027217.0,338.1,-602.7,152.1
1691027232.0,146.1,-546.2,397.8
1691027247.0,299.9,-645.3,175.2
1691027262.0,452.6,-631.5,85.5
1691027277.0,288.5,-640.0,162.5
1691027292.0,304.0,-640.3,174.4
1691027307.0,301.1,-634.8,171.4
1691027322.0,299.9,-643.8,174.3
1691027337.0,263.6,-611.3,164.8
1691027352.0,287.2,-649.5,189.1
1691027367.0,286.0,-648.5,188.9
1691027382.0,299.9,-645.0,177.6
1691027397.0,298.2,-646.9,178.6
1691027412.0,301.8,-644.9,174.9
1691027427.0,302.0,-639.6,175.5
1691027442.0,299.3,-644.9,175.9
1691027457.0,303.3,-644.2,173.2
1691027472.0,298.0,-642.7,176.7
1691027487.0,299.5,-647.3,174.0
1691027502.0,283.0,-632.7,177.4
1691027517.0,299.3,-642.0,172.2
1691027532.0,263.5,-597.8,206.7
1691027547.0,181.1,-469.1,106.9
1691027562.0,114.6,-622.4,54.9
1691027577.0,-215.4,-523.7,74.1
1691027592.0,342.7,-643.9,266.7
1691027607.0,-30.6,-654.5,68.6
1691027622.0,298.4,-645.7,176.2
1691027637.0,nan,nan,nan
1691027652.0,301.5,-645.3,177.0
1691027667.0,303.3,-642.3,175.0
1691027682.0,303.3,-641.2,176.6
1691027697.0,138.1,-622.7,61.8
1691027712.0,302.8,-641.7,174.0
1691027727.0,287.1,-646.7,184.0
1691027742.0,150.4,-587.0,-57.1
1691027757.0,289.2,-643.7,164.9
1691027772.0,326.6,-407.8,499.9
1691027787.0,304.5,-641.5,176.1
1691027802.0,304.0,-648.0,174.4
1691027817.0,303.2,-647.7,175.4
1691027832.0,259.4,-626.7,134.4
1691027847.0,304.2,-644.4,175.1
1691027862.0,279.2,-611.6,153.7
1691027877.0,264.0,-592.6,161.7
1691027892.0,297.8,-610.4,172.3
1691027907.0,302.7,-646.1,176.3
1691027922.0,823.7,-92.7,500.0
1691027937.0,290.6,-647.3,183.7
1691027952.0,292.0,-647.9,187.2
1691027967.0,4.2,-368.2,-161.5
1691027982.0,174.5,-606.1,121.4
1691027997.0,298.0,-642.2,175.0
1691028012.0,298.5,-648.9,179.1
1691028027.0,300.3,-645.7,172.2
1691028042.0,303.8,-647.6,175.5
1691028057.0,301.1,-644.9,171.3
1691028072.0,303.1,-645.3,209.5
1691028087.0,-190.3,-606.7,-96.5
1691028102.0,259.4,-618.1,77.8
1691028117.0,303.6,-644.4,175.2
1691028132.0,272.6,-613.0,249.3
1691028147.0,299.6,-645.0,177.8
1691028162.0,-50.8,-714.0,103.3
1691028177.0,-2.0,-633.8,164.1
1691028192.0,926.5,-126.3,500.0
1691028207.0,286.6,-636.0,162.9
1691028222.0,303.1,-648.3,176.5
1691028237.0,328.8,-720.9,174.3
1691028252.0,283.6,-633.4,160.5
1691028267.0,303.0,-648.4,173.4
1691028282.0,297.4,-644.7,173.0
1691028297.0,298.7,-648.2,179.2
1691028312.0,286.1,-631.4,159.8
1691028327.0,297.2,-646.7,176.9
1691028342.0,302.0,-645.5,178.0
1691028357.0,298.5,-644.8,177.6
1691028372.0,300.1,-646.1,175.1
1691028387.0,301.5,-646.3,178.3
1691028402.0,303.2,-643.3,175.0
1691028417.0,232.3,-546.6,150.2
1691028432.0,301.5,-644.6,175.4
1691028447.0,303.3,-632.7,174.6
1691028462.0,-160.0,-341.3,76.7
1691028477.0,281.4,-597.9,194.3
1691028492.0,142.2,-689.3,451.1
1691028507.0,-300.8,-984.6,500.0
1691028522.0,286.4,-645.0,162.3
1691028537.0,282.7,-638.5,161.7
1691028552.0,303.8,-645.3,175.9
1691028567.0,300.1,-644.4,177.1
1691028582.0,304.8,-632.4,173.4
1691028597.0,300.3,-646.1,174.7
1691028612.0,300.5,-646.1,171.9
1691028627.0,302.4,-646.0,174.6
1691028642.0,300.1,-645.5,174.3
1691028657.0,302.2,-645.8,175.1
1691028672.0,300.8,-644.5,176.5
1691028687.0,301.7,-646.9,175.0
1691028702.0,302.2,-645.5,174.6
1691028717.0,300.6,-647.1,176.5
1691028732.0,300.4,-646.5,174.9
1691028747.0,301.2,-646.0,175.1
1691028762.0,300.7,-645.8,173.9
1691028777.0,302.1,-647.1,175.2
1691028792.0,300.4,-645.4,174.1
1691028807.0,301.0,-645.6,176.1
1691028822.0,300.5,-645.1,173.2
1691028837.0,299.8,-645.1,175.6
1691028852.0,301.0,-645.9,175.8
1691028867.0,300.6,-643.5,174.6
1691028882.0,299.5,-644.8,175.1
1691028897.0,299.3,-643.5,175.8
1691028912.0,301.5,-645.6,176.4
1691028927.0,299.5,-646.6,174.4
1691028942.0,299.4,-646.7,173.3
1691028957.0,299.7,-644.7,177.0
1691028972.0,300.3,-645.3,174.8
1691028987.0,300.5,-646.5,176.1
1691029002.0,301.1,-644.9,174.3
1691029017.0,300.0,-644.9,175.6
1691029032.0,299.3,-644.7,175.2
1691029047.0,299.7,-645.4,174.6
1691029062.0,300.0,-644.7,175.8
1691029077.0,300.9,-645.6,175.3
1691029092.0,299.3,-643.0,175.8
1691029107.0,300.1,-646.0,174.0
1691029122.0,300.8,-645.3,175.8
1691029137.0,300.0,-644.9,176.3
1691029152.0,299.7,-645.1,175.6
1691029167.0,300.4,-645.8,175.5
1691029182.0,300.5,-645.7,175.1
1691029197.0,300.9,-646.2,175.1
1691029212.0,298.8,-646.0,175.9
1691029227.0,300.9,-645.9,176.3
1691029242.0,299.1,-646.0,176.8
1691029257.0,301.0,-645.3,176.0
1691029272.0,301.5,-643.1,175.8
1691029287.0,300.2,-645.9,175.7
1691029302.0,301.0,-644.6,175.3
1691029317.0,300.1,-645.7,174.8
1691029332.0,302.1,-643.8,176.0
1691029347.0,301.1,-645.2,174.5
1691029362.0,300.9,-646.2,176.4
1691029377.0,302.0,-645.4,175.6
1691029392.0,301.6,-644.0,176.3
1691029407.0,301.6,-647.1,175.7
1691029422.0,302.4,-646.0,175.8
1691029437.0,299.8,-645.7,175.2
1691029452.0,300.6,-646.0,175.1
1691029467.0,302.2,-645.6,174.4
1691029482.0,300.7,-645.7,174.4
1691029497.0,302.2,-646.7,175.7
1691029512.0,299.5,-645.1,177.1
1691029527.0,299.4,-646.1,175.9
1691029542.0,301.4,-644.0,176.2
1691029557.0,302.0,-645.5,177.2
1691029572.0,299.1,-644.9,173.3
1691029587.0,301.8,-644.6,175.6
1691029602.0,301.6,-644.1,175.0
1691029617.0,302.4,-644.8,176.3
1691029632.0,302.2,-645.3,174.8
1691029647.0,301.3,-643.8,174.8
1691029662.0,302.2,-644.4,175.6
1691029677.0,301.9,-644.6,176.5
1691029692.0,298.9,-642.4,174.4
1691029707.0,301.3,-645.4,176.5
1691029722.0,301.0,-644.9,175.6
1691029737.0,300.3,-644.7,175.0
1691029752.0,300.8,-645.5,176.6
1691029767.0,301.8,-644.9,174.8
1691029782.0,300.1,-645.4,176.1
1691029797.0,302.9,-644.6,175.2
1691029812.0,299.5,-644.9,174.6
1691029827.0,300.1,-645.2,175.9
1691029842.0,300.2,-645.0,174.6
1691029857.0,300.5,-644.7,173.5
1691029872.0,300.0,-644.3,177.0
1691029887.0,300.4,-645.8,175.4
1691029902.0,300.9,-644.1,177.4
1691029917.0,300.9,-644.5,175.7
1691029932.0,300.7,-645.0,176.5
1691029947.0,300.9,-643.8,175.5
1691029962.0,300.1,-644.1,174.7
1691029977.0,300.9,-645.5,174.5
1691029992.0,300.4,-645.6,175.9
1691030007.0,301.6,-645.7,175.2
1691030022.0,301.7,-645.5,175.1
1691030037.0,301.6,-645.8,176.6
1691030052.0,302.3,-644.8,175.9
1691030067.0,301.0,-646.0,176.7
1691030082.0,300.3,-646.8,177.3
1691030097.0,301.0,-645.9,176.0
1691030112.0,302.2,-646.5,175.8
1691030127.0,301.3,-646.1,175.5
1691030142.0,300.9,-646.0,175.7
1691030157.0,300.8,-645.4,175.7
1691030172.0,301.8,-646.0,175.1
1691030187.0,302.0,-645.9,176.1
1691030202.0,299.7,-644.6,175.1
1691030217.0,300.5,-644.5,177.0
1691030232.0,301.1,-646.6,175.2
1691030247.0,300.5,-646.3,174.6
1691030262.0,301.5,-646.4,175.0
1691030277.0,300.7,-646.1,175.9
1691030292.0,299.7,-645.2,173.4
1691030307.0,300.0,-645.6,173.6
1691030322.0,300.2,-644.7,174.9
1691030337.0,298.6,-644.3,176.2
1691030352.0,300.0,-645.9,175.0
1691030367.0,301.1,-645.6,173.9
1691030382.0,300.4,-646.4,175.0
1691030397.0,301.7,-645.8,175.9
1691030412.0,301.4,-645.9,174.6
1691030427.0,301.3,-643.9,175.3
1691030457.0,301.0,-645.5,175.5
1691030472.0,300.5,-644.9,175.8
1691030487.0,302.8,-645.6,176.4
1691030502.0,302.0,-645.9,175.3
1691030517.0,301.9,-645.7,175.2
1691030532.0,302.4,-645.7,175.7
1691030547.0,302.1,-646.2,176.3
1691030562.0,300.9,-644.8,176.0
1691030577.0,300.2,-643.1,177.0
1691030592.0,302.0,-646.4,177.0
1691030607.0,302.3,-645.9,176.0
1691030622.0,300.7,-643.6,176.8
1691030637.0,301.8,-645.6,176.2
1691030652.0,301.7,-645.9,177.4
1691030667.0,300.4,-645.7,175.4
1691030682.0,302.1,-645.3,175.0
1691030697.0,301.4,-645.6,175.2
1691030712.0,302.1,-646.3,177.3
1691030727.0,301.0,-644.7,175.7
1691030742.0,301.7,-644.5,177.1
1691030757.0,301.9,-646.0,176.4
1691030772.0,302.3,-645.8,175.9
1691030787.0,302.4,-645.6,175.8
1691030802.0,302.1,-645.0,174.8
1691030817.0,302.2,-645.4,175.6
1691030832.0,300.6,-645.4,174.5
1691030847.0,301.0,-646.5,175.6
1691030862.0,301.3,-645.2,175.4
1691030877.0,301.3,-645.1,175.5
1691030892.0,302.1,-645.4,175.7
1691030907.0,300.6,-645.7,175.5
1691030922.0,301.4,-646.4,175.3
1691030937.0,301.7,-646.8,175.9
1691030952.0,300.2,-645.2,175.3
1691030967.0,301.6,-646.1,176.3
1691030982.0,299.6,-645.0,174.2
1691030997.0,301.6,-645.0,175.9
1691031012.0,301.2,-645.7,175.7
1691031027.0,301.4,-646.1,175.3
1691031042.0,300.6,-645.7,174.7
1691031057.0,302.1,-645.6,177.0
1691031072.0,300.3,-645.9,174.6
1691031087.0,301.0,-644.8,176.5
1691031102.0,299.4,-645.7,174.6
1691031117.0,301.8,-647.0,175.7
1691031132.0,301.6,-645.6,176.4
1691031147.0,301.9,-645.9,175.3
1691031162.0,302.1,-646.3,176.8
1691031177.0,297.8,-643.8,175.3
1691031192.0,302.5,-645.8,175.2
1691031207.0,301.3,-646.3,176.6
1691031222.0,301.6,-645.0,176.3
1691031237.0,300.6,-645.0,176.0
1691031252.0,301.2,-645.9,176.2
1691031267.0,303.2,-645.9,175.8
1691031282.0,302.0,-646.8,175.9
1691031297.0,301.9,-646.3,176.1
1691031312.0,302.9,-646.1,176.6
1691031327.0,299.8,-644.4,174.1
1691031342.0,301.2,-645.8,175.1
1691031357.0,302.3,-646.2,176.7
1691031372.0,301.5,-647.1,176.5
1691031387.0,301.8,-645.9,175.9
1691031402.0,300.2,-644.7,177.1
1691031417.0,301.4,-645.3,175.3
1691031432.0,302.2,-646.6,177.1
1691031447.0,302.5,-646.2,176.7
1691031462.0,302.9,-644.9,177.6
1691031477.0,300.0,-644.8,175.0
1691031492.0,300.6,-645.5,174.6
1691031507.0,300.5,-645.7,178.0
1691031522.0,299.1,-644.9,177.2
1691031537.0,299.0,-643.9,173.3
1691031552.0,299.6,-644.6,175.3
1691031567.0,301.4,-646.6,176.4
1691031582.0,301.9,-645.3,175.8
1691031597.0,301.9,-646.1,175.9
1691031612.0,301.6,-644.4,177.0
1691031627.0,299.3,-645.0,175.6
1691031642.0,300.2,-645.7,175.0
1691031657.0,301.5,-645.5,176.0
1691031672.0,302.6,-646.5,176.2
1691031687.0,302.1,-645.6,177.0
1691031702.0,301.1,-645.8,177.3
1691031717.0,301.7,-646.2,175.6
1691031732.0,301.9,-646.3,175.9
1691031747.0,301.6,-646.4,176.4
1691031762.0,301.5,-645.0,174.1
1691031777.0,303.3,-646.0,174.5
1691031792.0,301.1,-645.5,175.7
1691031807.0,301.0,-645.9,177.0
1691031822.0,300.8,-646.2,175.8
1691031837.0,300.1,-644.9,174.8
1691031852.0,301.7,-645.6,175.5
1691031867.0,300.9,-645.9,175.8
1691031882.0,302.3,-645.8,176.4
1691031897.0,300.5,-646.1,175.4
1691031912.0,301.2,-646.8,175.8
1691031927.0,301.2,-646.3,175.7
1691031942.0,300.5,-645.2,176.7
1691031957.0,297.7,-645.7,177.5
1691031972.0,300.3,-645.6,174.8
1691031987.0,300.2,-644.2,177.1
1691032002.0,302.5,-645.9,175.2
1691032017.0,302.0,-645.8,175.8
1691032032.0,301.5,-646.0,175.2
1691032047.0,302.6,-646.1,175.1
1691032062.0,298.8,-644.3,175.7
1691032077.0,299.4,-646.2,176.5
1691032092.0,300.3,-646.6,175.8
1691032107.0,302.2,-647.0,177.1
1691032122.0,296.8,-646.3,176.6
1691032137.0,299.1,-644.8,177.5
1691032152.0,300.7,-646.3,175.8
1691032167.0,298.9,-644.4,178.0
1691032182.0,302.6,-645.5,175.8
1691032197.0,300.8,-645.3,175.8
1691032212.0,302.5,-645.8,175.2
1691032227.0,300.4,-646.2,174.8
1691032242.0,300.9,-645.6,174.8
1691032257.0,302.1,-645.3,174.3
1691032272.0,302.3,-646.3,175.0
1691032287.0,301.0,-646.5,175.4
1691032302.0,300.9,-646.2,175.2
1691032317.0,299.5,-645.4,177.6
1691032332.0,301.7,-646.5,175.8
1691032347.0,300.0,-644.5,177.1
1691032362.0,303.1,-645.6,175.7
1691032377.0,303.4,-645.9,174.6
1691032392.0,301.5,-645.5,176.8
1691032407.0,301.3,-646.4,177.8
1691032422.0,301.5,-646.1,175.2
1691032437.0,302.3,-645.5,175.1
1691032452.0,302.2,-645.4,175.6
1691032467.0,302.5,-645.9,176.4
1691032482.0,300.6,-647.4,175.3
1691032497.0,299.4,-644.9,176.4
1691032512.0,300.6,-645.7,175.3
1691032527.0,301.1,-645.7,175.3
1691032542.0,300.1,-645.7,177.5
1691032557.0,301.9,-645.7,174.6
1691032572.0,301.3,-645.4,175.0
1691032587.0,301.0,-645.4,175.6
1691032602.0,300.0,-646.1,177.2
1691032617.0,299.4,-646.4,175.6
1691032632.0,301.3,-645.9,176.2
1691032647.0,301.2,-646.6,176.3
1691032662.0,301.9,-646.0,175.9
1691032677.0,302.0,-646.1,175.8
1691032692.0,302.4,-645.4,174.5
1691032707.0,299.2,-645.1,175.6
1691032722.0,300.4,-644.7,174.5
1691032737.0,302.1,-646.7,177.1
1691032752.0,302.2,-643.1,176.8
1691032767.0,301.5,-646.4,177.2
1691032782.0,302.2,-647.0,177.9
1691032797.0,300.2,-645.7,174.3
1691032812.0,299.5,-647.9,175.9
1691032827.0,300.7,-647.7,176.3
1691032842.0,302.3,-644.7,175.8
1691032857.0,299.1,-643.7,175.5
1691032872.0,300.6,-646.1,175.3
1691032887.0,299.9,-645.9,176.0
1691032902.0,299.4,-644.5,176.8
1691032917.0,300.7,-645.2,174.7
1691032932.0,299.0,-644.3,174.5
1691032947.0,301.2,-646.7,176.3
1691032962.0,299.8,-644.3,177.8
1691032977.0,300.5,-646.6,175.8
1691032992.0,302.6,-647.3,176.5
1691033007.0,302.2,-644.4,175.0
1691033022.0,302.5,-645.7,174.5
1691033037.0,300.6,-643.3,177.1
1691033052.0,301.8,-646.1,175.8
1691033067.0,300.7,-644.7,177.1
1691033082.0,301.6,-646.4,175.8
1691033097.0,301.3,-645.8,175.4
1691033112.0,301.6,-646.5,175.1
1691033127.0,297.6,-646.1,179.6
1691033142.0,301.0,-646.5,175.9
1691033157.0,301.2,-645.1,175.5
1691033172.0,301.1,-644.9,175.5
1691033187.0,303.3,-647.2,175.6
1691033202.0,301.2,-645.7,176.4
1691033217.0,301.3,-647.5,176.7
1691033232.0,298.6,-645.4,175.2
1691033247.0,300.1,-646.1,175.7
1691033262.0,300.5,-646.1,177.2
1691033277.0,300.9,-646.3,174.7
1691033292.0,301.0,-646.1,177.1
1691033307.0,303.4,-646.6,176.0
1691033322.0,302.5,-645.9,176.9
1691033337.0,301.9,-645.7,175.9
1691033352.0,301.4,-646.4,177.6
1691033367.0,301.8,-645.3,177.4
1691033382.0,301.6,-646.2,176.4
1691033397.0,302.2,-646.3,175.3
1691033412.0,300.4,-645.1,175.2
1691033427.0,299.1,-646.4,174.6
1691033442.0,300.8,-646.6,176.4
1691033457.0,300.5,-644.4,176.9
1691033472.0,301.0,-645.6,176.4
1691033487.0,301.7,-644.4,177.3
1691033502.0,301.1,-644.7,176.8
1691033517.0,301.3,-646.8,175.4
1691033532.0,301.3,-645.1,175.5
1691033547.0,302.1,-643.6,175.6
1691033562.0,302.4,-644.1,175.5
1691033577.0,300.2,-644.7,176.7
1691033592.0,300.6,-646.9,176.6
1691033607.0,300.4,-647.4,176.1
1691033622.0,300.8,-647.6,176.6
1691033637.0,299.8,-646.9,175.9
1691033652.0,299.0,-645.7,175.9
1691033667.0,300.8,-643.9,176.9
1691033682.0,301.4,-646.1,176.0
1691033697.0,305.9,-655.9,177.9
1691033712.0,300.9,-646.3,175.5
1691033727.0,297.9,-644.9,175.1
1691033742.0,300.6,-646.5,175.0
1691033757.0,300.1,-643.4,174.1
1691033772.0,300.5,-645.9,174.2
1691033787.0,300.6,-645.7,174.4
1691033802.0,298.3,-645.2,174.8
1691033817.0,300.3,-644.2,177.8
1691033832.0,301.4,-645.0,174.1
1691033847.0,302.3,-644.6,174.4
1691033862.0,301.7,-645.3,176.0
1691033877.0,298.7,-645.2,172.1
1691033892.0,299.4,-644.9,173.9
1691033907.0,300.1,-645.0,174.9
1691033922.0,299.5,-643.7,176.9
1691033937.0,300.7,-645.3,175.6
1691033952.0,301.6,-646.6,176.3
1691033967.0,301.3,-645.0,175.5
1691033982.0,301.9,-645.9,175.7
1691033997.0,301.1,-645.4,174.6
1691034012.0,300.8,-645.4,175.5
1691034027.0,300.5,-644.4,176.0
1691034042.0,300.3,-643.8,176.0
1691034057.0,301.4,-643.9,176.3
1691034072.0,300.3,-645.4,176.1
1691034102.0,301.1,-644.7,175.3
1691034117.0,301.4,-645.2,175.1
1691034132.0,301.5,-643.8,176.9
1691034147.0,301.8,-645.4,176.2
1691034162.0,301.5,-645.0,175.2
1691034177.0,300.2,-643.6,176.8
1691034192.0,300.2,-643.9,176.9
1691034207.0,299.1,-644.5,174.3
1691034222.0,298.9,-643.7,175.4
1691034237.0,298.6,-644.6,175.0
1691034252.0,300.5,-644.7,176.6
1691034267.0,300.7,-645.9,174.6
1691034282.0,300.9,-645.4,175.6
1691034297.0,301.3,-646.0,175.1
1691034312.0,301.6,-645.0,174.9
1691034327.0,300.9,-644.8,176.3
1691034342.0,300.9,-645.9,175.6
1691034357.0,301.9,-646.0,175.8
1691034372.0,301.4,-645.4,175.5
1691034387.0,281.3,-664.1,458.5
1691034402.0,299.5,-644.7,175.6
1691034417.0,301.7,-646.7,175.7
1691034432.0,300.0,-646.7,175.1
1691034447.0,299.8,-644.6,175.0
1691034462.0,300.9,-645.6,175.6
1691034477.0,301.4,-644.4,175.4
1691034492.0,302.3,-645.6,176.4
1691034507.0,302.2,-645.2,175.9
1691034522.0,302.4,-644.7,175.7
1691034537.0,299.3,-645.1,177.9
1691034552.0,301.3,-645.4,176.1
1691034567.0,300.3,-645.9,176.6
1691034582.0,301.5,-646.1,176.3
1691034597.0,301.9,-645.6,176.8
1691034612.0,301.2,-645.9,175.6
1691034627.0,300.8,-645.7,175.6
1691034642.0,299.2,-644.3,174.7
1691034657.0,299.6,-645.4,175.2
1691034672.0,300.8,-645.2,175.6
1691034687.0,300.0,-644.8,176.1
1691034702.0,301.8,-645.7,174.6
1691034717.0,300.2,-644.3,175.1
1691034732.0,299.5,-644.6,176.4
1691034747.0,299.8,-644.3,176.1
1691034762.0,300.5,-645.1,175.6
1691034777.0,301.7,-644.7,174.8
1691034792.0,301.5,-644.6,177.1
1691034807.0,301.8,-646.5,175.8
1691034822.0,301.8,-645.8,176.2
1691034837.0,301.3,-644.7,174.8
1691034852.0,302.1,-646.0,175.6
1691034867.0,302.4,-645.0,175.5
1691034882.0,302.4,-645.5,175.6
1691034897.0,300.1,-645.5,176.6
1691034912.0,299.8,-644.0,176.5
1691034927.0,300.7,-645.7,176.8
1691034942.0,299.3,-645.9,174.8
1691034957.0,299.8,-645.0,175.3
1691034972.0,302.0,-645.2,175.8
1691034987.0,299.6,-644.7,176.6
1691035002.0,300.3,-645.7,176.6
1691035017.0,299.2,-645.3,177.1
1691035032.0,302.6,-645.0,175.0
1691035047.0,300.4,-645.2,177.0
1691035062.0,300.3,-644.5,177.2
1691035077.0,301.5,-644.4,175.7
1691035092.0,301.7,-645.4,175.1
1691035107.0,301.1,-645.7,176.5
1691035122.0,301.2,-644.8,175.3
1691035137.0,302.0,-644.3,175.4
1691035152.0,299.7,-645.2,175.2
1691035167.0,300.3,-646.3,174.5
1691035182.0,302.0,-645.9,177.2
1691035197.0,301.5,-645.8,176.4
1691035212.0,300.2,-645.3,176.3
1691035227.0,300.5,-645.4,175.8
1691035242.0,300.9,-645.6,175.7
1691035257.0,301.3,-644.3,175.2
1691035272.0,301.2,-644.7,175.3
1691035287.0,301.6,-644.9,176.0
1691035302.0,302.6,-646.0,176.3
1691035317.0,302.6,-646.1,176.0
1691035332.0,301.9,-645.5,175.2
1691035347.0,302.1,-645.9,175.5
1691035362.0,301.6,-646.2,176.3
1691035377.0,301.4,-645.9,175.3
1691035392.0,300.9,-645.5,176.7
1691035407.0,300.9,-645.5,176.0
1691035422.0,302.7,-645.5,175.4
1691035437.0,301.2,-646.2,177.6
1691035452.0,302.6,-646.3,176.4
1691035467.0,301.9,-646.8,177.2
1691035482.0,301.6,-645.6,176.2
1691035497.0,299.8,-643.7,175.3
1691035512.0,301.1,-646.7,176.3
1691035527.0,300.2,-645.8,173.9
1691035542.0,300.5,-644.3,176.8
1691035557.0,300.7,-645.5,174.5
1691035572.0,302.2,-645.9,177.0
1691035587.0,301.5,-645.9,175.3
1691035602.0,301.4,-646.0,176.2
1691035617.0,301.4,-645.3,176.4
1691035632.0,301.8,-645.5,175.8
1691035647.0,301.7,-644.7,176.1
1691035662.0,302.8,-646.7,176.5
1691035677.0,301.3,-645.3,176.6
1691035692.0,302.5,-646.2,175.7
1691035707.0,300.5,-646.9,176.4
1691035722.0,300.2,-646.3,176.5
1691035737.0,301.3,-645.2,175.5
1691035752.0,300.5,-644.7,175.8
1691035767.0,298.8,-645.2,176.3
1691035782.0,300.5,-644.7,177.4
1691035797.0,301.0,-645.3,176.6
1691035812.0,302.5,-646.2,176.5
1691035827.0,300.4,-646.5,175.3
1691035842.0,299.4,-645.7,174.2
1691035857.0,299.4,-645.2,174.5
1691035872.0,300.8,-646.7,174.1
1691035887.0,301.5,-645.4,175.1
1691035902.0,301.5,-645.4,175.1
1691035917.0,302.5,-643.9,177.6
1691035932.0,301.7,-644.7,177.9
1691035947.0,301.9,-645.9,175.3
1691035962.0,300.2,-645.2,175.2
1691035977.0,302.0,-645.1,174.6
1691035992.0,302.7,-644.9,176.2
1691036007.0,302.2,-645.5,176.4
1691036022.0,301.2,-644.2,176.9
1691036037.0,299.4,-645.5,180.9
1691036052.0,300.2,-646.0,175.6
1691036067.0,301.7,-644.8,175.9
1691036082.0,302.6,-645.2,174.6
1691036097.0,300.9,-646.7,176.5
1691036112.0,301.4,-646.7,176.5
1691036127.0,297.0,-645.3,175.5
1691036142.0,301.4,-644.9,176.6
1691036157.0,300.6,-645.1,176.0
1691036172.0,302.4,-644.8,174.2
1691036187.0,301.8,-644.7,175.5
1691036202.0,301.3,-645.5,174.9
1691036217.0,302.9,-644.9,175.9
1691036232.0,302.1,-643.2,174.5
1691036247.0,301.1,-645.2,176.5
1691036262.0,302.0,-645.1,175.1
1691036277.0,300.8,-643.6,175.9
1691036292.0,300.8,-645.5,176.6
1691036307.0,299.7,-645.2,174.2
1691036322.0,300.7,-645.1,176.9
1691036337.0,299.7,-645.6,175.4
1691036352.0,300.1,-643.8,176.0
1691036367.0,299.7,-645.2,176.3
1691036382.0,301.2,-646.0,174.9
1691036397.0,300.4,-646.1,177.3
1691036412.0,302.4,-645.0,175.5
1691036427.0,299.9,-645.0,176.4
1691036442.0,299.9,-645.0,176.4
1691036457.0,300.3,-645.7,176.0
1691036472.0,300.4,-645.7,175.7
1691036487.0,301.5,-645.4,175.2
1691036502.0,300.8,-644.9,174.7
1691036517.0,300.9,-644.5,175.3
1691036532.0,301.0,-645.4,175.6
1691036547.0,301.0,-645.4,175.4
1691036562.0,299.7,-645.2,174.2
1691036577.0,300.3,-645.5,174.9
1691036592.0,300.3,-645.6,176.6
1691036607.0,300.3,-645.4,175.9
1691036622.0,299.9,-644.8,175.1
1691036637.0,300.5,-645.3,176.9
1691036652.0,301.5,-645.4,175.2
1691036667.0,300.2,-646.0,175.9
1691036682.0,301.3,-645.4,176.1
1691036697.0,301.1,-645.2,176.4
1691036712.0,300.9,-644.4,175.5
1691036727.0,302.1,-645.6,176.9
1691036742.0,301.4,-646.1,177.4
1691036757.0,301.2,-644.3,176.9
1691036772.0,300.5,-645.5,174.7
1691036787.0,299.7,-644.9,172.7
1691036802.0,300.9,-644.6,174.9
1691036817.0,302.1,-645.5,175.7
1691036832.0,303.3,-644.0,174.6
1691036847.0,302.8,-644.6,175.0
1691036862.0,301.0,-644.1,175.4
1691036877.0,299.4,-643.9,175.2
1691036892.0,299.1,-644.0,176.8
1691036907.0,300.2,-643.6,175.5
1691036922.0,300.1,-644.4,175.7
1691036937.0,301.3,-645.1,176.3
1691036952.0,299.0,-645.1,177.1
1691036967.0,300.5,-645.4,174.5
1691036982.0,300.5,-645.4,174.5
1691036997.0,302.2,-644.7,175.5
1691037012.0,299.7,-643.5,176.4
1691037027.0,302.6,-644.4,175.1
1691037042.0,300.0,-644.8,175.3
1691037057.0,299.8,-644.7,175.4
1691037072.0,300.2,-645.5,175.8
1691037087.0,301.7,-645.7,174.5
1691037102.0,301.3,-644.8,175.0
1691037117.0,301.1,-644.2,175.4
1691037132.0,301.7,-645.7,175.8
1691037147.0,300.6,-644.6,174.7
1691037162.0,300.6,-644.6,174.7
1691037177.0,299.0,-645.0,174.9
1691037192.0,300.2,-644.8,176.1
1691037207.0,300.3,-645.2,175.0
1691037222.0,299.8,-644.4,175.0
1691037237.0,301.6,-645.6,176.2
1691037252.0,301.3,-645.7,177.2
1691037267.0,301.4,-645.5,176.7
1691037282.0,300.0,-645.4,175.6
1691037297.0,301.6,-645.9,176.5
1691037312.0,300.0,-643.5,176.3
1691037327.0,298.9,-643.4,174.5
1691037342.0,300.2,-645.0,175.7
1691037357.0,302.0,-645.8,177.3
1691037372.0,300.8,-646.1,175.9
1691037387.0,300.8,-645.3,175.4
1691037402.0,298.5,-646.2,176.3
1691037417.0,298.6,-643.9,174.6
1691037432.0,298.3,-643.3,175.0
1691037447.0,299.4,-643.9,176.5
1691037462.0,299.6,-645.0,177.6
1691037477.0,300.7,-644.3,175.6
1691037492.0,300.0,-645.0,176.2
1691037507.0,298.3,-645.5,176.1
1691037522.0,299.8,-646.1,175.9
1691037537.0,300.0,-646.1,175.8
1691037552.0,299.7,-645.0,174.0
1691037567.0,301.5,-644.5,176.2
1691037582.0,300.6,-643.6,174.4
1691037597.0,301.6,-645.4,177.0
1691037612.0,301.8,-644.9,176.0
1691037627.0,299.2,-644.2,176.1
1691037642.0,298.8,-644.2,176.2
1691037657.0,300.0,-646.1,176.2
1691037672.0,299.4,-644.4,175.5
1691037687.0,301.7,-645.7,174.5
1691037702.0,301.0,-645.4,175.6
1691037717.0,299.8,-644.6,175.3
1691037732.0,300.7,-643.7,176.4
1691037747.0,300.7,-643.5,176.5
1691037762.0,300.5,-644.9,178.4
1691037777.0,298.8,-645.5,177.9
1691037792.0,301.4,-646.4,176.1
1691037807.0,302.4,-645.6,175.7
1691037822.0,301.2,-645.3,175.3
1691037837.0,299.9,-643.8,175.1
1691037852.0,301.3,-644.3,175.8
1691037867.0,300.7,-644.5,176.9
1691037882.0,298.7,-644.2,176.2
1691037897.0,301.8,-645.0,176.0
1691037912.0,301.2,-644.0,176.3
1691037927.0,302.5,-646.1,177.6
1691037942.0,300.3,-644.4,177.1
1691037957.0,301.3,-645.0,175.1
1691037972.0,301.2,-645.5,175.9
1691037987.0,301.3,-644.8,176.0
1691038002.0,300.9,-644.4,176.6
1691038017.0,300.1,-644.1,176.4
1691038032.0,301.2,-644.4,176.2
1691038047.0,301.7,-644.6,175.9
1691038062.0,301.5,-646.0,176.3
1691038077.0,302.2,-645.2,176.8
1691038092.0,300.6,-644.4,174.6
1691038107.0,302.0,-645.1,177.0
1691038122.0,302.4,-646.4,175.3
1691038137.0,300.8,-645.1,176.6
1691038152.0,302.7,-644.8,175.1
1691038167.0,301.2,-646.5,176.4
1691038182.0,300.8,-644.7,175.7
1691038197.0,301.6,-644.7,177.2
1691038212.0,300.3,-645.2,176.0
1691038227.0,301.6,-645.5,175.8
1691038242.0,302.5,-646.0,175.2
1691038257.0,301.6,-645.2,176.5
1691038272.0,300.7,-645.4,176.8
1691038287.0,302.1,-645.7,176.7
1691038302.0,302.5,-645.0,175.5
1691038317.0,301.6,-644.8,177.4
1691038332.0,302.5,-645.0,175.5
1691038347.0,298.6,-645.1,176.0
1691038362.0,302.2,-645.7,176.6
1691038377.0,302.5,-645.2,176.6
1691038392.0,302.1,-645.8,177.2
1691038407.0,301.6,-645.9,177.6
1691038422.0,298.5,-645.1,179.3
1691038437.0,302.1,-645.1,177.1
1691038452.0,300.8,-646.1,176.0
1691038467.0,301.3,-645.1,176.4
1691038482.0,302.3,-645.5,176.7
1691038497.0,302.2,-645.1,174.6
1691038512.0,301.7,-644.5,176.2
1691038527.0,301.5,-645.0,173.3
1691038542.0,302.0,-645.5,175.9
1691038557.0,302.3,-646.9,176.0
1691038572.0,301.9,-645.6,175.8
1691038587.0,300.8,-645.4,177.2
1691038602.0,301.6,-645.7,176.4
1691038617.0,303.0,-645.7,175.2
1691038632.0,300.9,-646.4,175.5
1691038647.0,300.5,-646.3,177.2
1691038662.0,301.4,-645.3,175.3
1691038677.0,301.7,-644.7,174.2
1691038692.0,301.6,-646.5,176.3
1691038707.0,301.5,-644.6,176.3
1691038722.0,300.7,-645.3,177.2
1691038737.0,301.3,-646.4,177.6
1691038752.0,301.9,-645.2,176.5
1691038767.0,301.6,-644.0,177.2
1691038782.0,300.7,-646.0,177.1
1691038797.0,300.7,-645.1,176.4
